time,airspeed,vertspd,psi,aoa,theta,diffalt,density,payload,power,airspeed_x,airspeed_y
29.11,4.099999904632568,2.794258240189066,-3.2986722862692828,0.04261587348587613,1.7906460847795709,7.511178255081177,1.1818629223646975,0.25,610.219911113898,1.5090753166239537,3.8121766625831213
29.31,4.0,2.507710328464235,-3.2986722862692828,0.029649871221081436,1.7863167151837176,7.871455430984497,1.1818629223646975,0.25,671.3238407474491,1.4561531107826275,3.725535950431572
29.4,4.099999904632568,2.4503444120770554,-3.3161255787892263,0.017560951494395825,1.7866330099134902,8.117489099502563,1.1818629223646975,0.25,684.7120658034655,1.5601739609466225,3.791550662930827
29.6,4.099999904632568,2.4272394836686386,-3.5081117965086026,0.011293287852132773,1.7948515639815688,8.812531709670964,1.1818629223646975,0.25,658.7254504181471,2.283036595211288,3.405545936103802
29.7,4.099999904632568,2.501486637918678,-3.543018381548489,0.01603616457682797,1.8000956656808875,9.269018411636353,1.1818629223646975,0.25,721.353461413615,2.4178948993919,3.31116044212323
29.9,4.0,2.6261124457181286,-3.612831551628262,0.034261211717781945,1.8121344902228484,9.780235528945923,1.1818629223646975,0.25,703.394857380954,2.6151437981343637,3.026718175694489
30.01,4.0,2.7228209884227867,-3.6477381366681487,0.041103880823753304,1.8164092519359596,10.170243501663208,1.1818629223646975,0.25,642.9393002111864,2.7316972530732717,2.92195655641078
30.2,4.099999904632568,2.6646820030163703,-3.6477381366681487,0.008218146060672867,1.813944080578579,10.77900052070612,1.1818629223646975,0.25,675.7663339047141,2.792597917358605,3.001898747451594
30.3,4.099999904632568,2.59257847290256,-3.822271061867582,-0.015220076797491376,1.808035954134229,11.0411474704743,1.1818629223646975,0.25,714.7220368974267,3.256788186959769,2.490648494522335
30.4,4.0,2.547184067764957,-3.8746309394274117,-0.03722767644767934,1.8021520686199575,11.298365831375122,1.1818629223646975,0.25,700.1713985124661,3.286814858504988,2.2796596425586944
30.6,4.099999904632568,2.6601342224841056,-4.328416544945937,-0.028526475195444784,1.7909021224440096,12.275151491165161,1.1818629223646975,0.25,764.341316232589,4.045075809125956,0.6688504439791165
30.8,4.199999809265137,2.7057490079994553,-4.4156830075456535,-0.019741749492346472,1.7913061170813858,12.544339418411255,1.1818629223646975,0.25,779.9415204366233,4.1878134052805756,0.3197143731199728
30.9,4.5,2.7517957662474917,-4.520402762665314,-0.022021213505041437,1.7917654136241405,12.818046808242798,1.1818629223646975,0.25,722.6191438526549,4.498110117219268,-0.130404652408069
31.1,4.599999904632568,2.8211791571523506,-4.5553093477052,-0.03795790295208527,1.7947747378004153,13.445714235305843,1.1818629223646975,0.25,740.1279854590539,4.58971021623858,-0.3075048838227455
31.2,4.800000190734863,2.8378176285467087,-4.60766922526503,-0.046298121105490406,1.7959337410940477,13.761595964431763,1.1818629223646975,0.25,727.9933600609364,4.765241231084943,-0.5766089147964883
31.4,4.900000095367432,2.856133904184063,-4.694935687864747,-0.04887947834253052,1.7952264297202178,14.332525491714534,1.1818629223646975,0.25,769.9853702237378,4.795417718145269,-1.006960695905884
31.5,5.199999809265137,2.8736776896152034,-4.625122517784973,-0.0462027170552218,1.7946145490352468,14.653825998306331,1.1818629223646975,0.25,722.8997679066525,5.151594500588841,-0.7078644770436413
31.7,5.300000190734863,2.8938054196477814,-4.590215932745087,-0.04941629586885641,1.7913247067706386,15.259094476699829,1.1818629223646975,0.25,742.3206108002197,5.27438535493559,-0.5204432240221397
31.8,5.5,2.875734420016634,-4.625122517784973,-0.05551929381722206,1.7904121552590926,15.549223184585571,1.1818629223646975,0.25,747.382224604924,5.451900297216116,-0.7257982841084852
32.0,5.599999904632568,2.7769935004187776,-4.60766922526503,-0.06804956397673656,1.7907854849534026,16.14198136329651,1.1818629223646975,0.25,775.4321720540393,5.56283738215437,-0.6440801127116736
32.1,5.599999904632568,2.7608484919183174,-4.625122517784973,-0.07882476748419778,1.7923962669339644,16.420509576797485,1.1818629223646975,0.25,790.611129359546,5.549548489417349,-0.7500069969609579
32.3,5.699999809265138,2.8308953677528743,-4.625122517784973,-0.06643630593116451,1.7976089068439647,17.01812767982483,1.1818629223646975,0.25,777.9553199193543,5.64459142438998,-0.792833827056903
32.4,5.9000000953674325,2.8665191184728727,-4.729842272904633,-0.05197180510501433,1.7989919046746108,17.304373025894108,1.1818629223646975,0.25,758.2323728482879,5.722880517997831,-1.4347960489409595
32.6,5.9000000953674325,2.877183214205852,-4.694935687864747,-0.06313494704989435,1.7963269598896492,17.915792703628483,1.1818629223646975,0.25,733.88779605928,5.772736527883997,-1.2188166822658464
32.7,6.0,2.850537092527484,-4.729842272904633,-0.07047837917922968,1.7961755350456405,18.221067667007503,1.1818629223646975,0.25,724.6651843237123,5.823964717984029,-1.4427179085591235
32.9,6.0,2.812186525077261,-4.729842272904633,-0.0783102701648872,1.7978198403947612,18.78977799415594,1.1818629223646975,0.25,741.5664978599526,5.821584577037067,-1.4522923302159794
33.0,6.0,2.8462704657980016,-4.799655442984406,-0.07795816746049668,1.7993152599043767,19.102724313735905,1.1818629223646975,0.25,764.8848202994996,5.703316542985634,-1.8633787619553854
33.2,6.0,2.892720629922937,-4.782202150464463,-0.07453882339305377,1.803620825055079,19.697712182998714,1.1818629223646975,0.25,758.0482715268591,5.727322094759481,-1.7882342192453082
33.3,6.0,2.925672300739807,-4.817108735504349,-0.06805622092682442,1.804682284300332,19.98889756202692,1.1818629223646975,0.25,730.9991557274044,5.659312355069972,-1.9930337848998854
33.5,6.0,2.9790767176910817,-4.817108735504349,-0.057148694269928364,1.7982417484765558,20.28446030616766,1.1818629223646975,0.25,677.3637144600144,5.672031096665618,-1.9565436970479908
33.61,6.0,3.0437138786286817,-4.817108735504349,-0.06145998969238715,1.783179098506154,20.88877511024475,1.1818629223646975,0.25,756.6774346331295,5.700857282382222,-1.870889159172608
33.8,6.0999999046325675,3.0284042122350145,-4.852015320544236,-0.07062393895796572,1.7767943449287888,21.48695206642151,1.1818629223646975,0.25,697.265621817918,5.739271001362103,-2.066583462974912
33.9,6.0,3.0187398747358163,-4.869468613064179,-0.06982423704946182,1.7757510615056238,21.790243387222347,1.1818629223646975,0.25,695.0900755648327,5.611069393711998,-2.125064765824438
34.11,5.9000000953674325,2.933148230418699,-4.886921905584122,-0.05905297685325723,1.7820714379116067,22.3743097782135,1.1818629223646975,0.25,748.3992997819878,5.466318610211383,-2.2202166509132395
34.2,5.800000190734862,2.9689600039045905,-4.904375198104066,-0.040603209834498694,1.7867213496769376,22.67865395545965,1.1818629223646975,0.25,707.3529324679113,5.324118414168735,-2.300818403184795
34.41,5.800000190734862,3.017209897362224,-4.782202150464463,-0.03005246760903953,1.7903493629038651,22.977947473526,1.1818629223646975,0.25,721.2526824651139,5.558864705989738,-1.6550001187389891
34.5,5.699999809265138,3.0648648184326865,-4.71238898038469,-0.043280727350542295,1.7914317687428816,23.59291100502014,1.1818629223646975,0.25,717.9215164928755,5.5618237202083245,-1.2474432776485826
34.7,5.599999904632568,3.0394795566250434,-4.694935687864747,-0.028073998418734532,1.8019165228840728,24.20961213111883,1.1818629223646975,0.25,676.6454106138045,5.472655563538255,-1.1874510578371489
34.8,5.599999904632568,3.0116585778505645,-4.747295565424577,-0.010119775463503709,1.8099297348211505,24.512958765029964,1.1818629223646975,0.25,730.988177327141,5.391038378007537,-1.5154880859758144
34.91,5.400000095367432,2.98346323698958,-4.50294947014537,-0.0024417333574329163,1.8152847893588786,24.812734842300472,1.1818629223646975,0.25,717.1505158692597,5.396683676369046,-0.18922559863863683
35.1,5.300000190734863,3.0669426402332376,-4.485496177625427,0.006546154605828568,1.8182536835209218,25.441429376602116,1.1818629223646975,0.25,718.4231743822457,5.298879542857341,-0.10898445796334158
35.3,5.300000190734863,3.132944344734032,-4.4505895925855405,-0.002233595401814053,1.8122712764872726,26.07988953590393,1.1818629223646975,0.25,674.4281509678693,5.298905558998831,0.10771210981537115
35.41,5.199999809265137,3.1498112057016154,-4.276056667386108,-0.013984739755537086,1.8085167697885116,26.39440941810608,1.1818629223646975,0.25,684.0168172993217,5.097775157299502,1.0260050984169133
35.6,5.199999809265137,3.207087939483444,-4.39822971502571,-0.012025264713182786,1.8007172224877679,27.046344995498714,1.1818629223646975,0.25,697.468776109672,5.181560849938685,0.43752162773987435
35.7,5.300000190734863,3.1667005808200686,-4.380776422505767,-0.01766479401342066,1.7947065481758384,27.694437265396118,1.1818629223646975,0.25,621.9375233174288,5.269290440206159,0.5697194735495426
35.91,5.300000190734863,3.130367729250393,-4.380776422505767,-0.02131306610703893,1.79404295984883,28.009386301040706,1.1818629223646975,0.25,669.6077115821136,5.268911220877011,0.5732159874828294
36.0,5.199999809265137,3.1014937320980347,-4.39822971502571,-0.0248216496941649,1.7931216696564694,28.340540170669556,1.1818629223646975,0.25,618.6257493009725,5.178088195573253,0.4768654477128618
36.2,5.300000190734863,3.041828375039116,-4.520402762665314,-0.026874485304231553,1.7936037247857375,28.98646759986883,1.1818629223646975,0.25,629.430385311367,5.297483035260724,-0.16332639993099096
36.3,5.400000095367432,3.001198714321716,-4.520402762665314,-0.02650532331221808,1.7943674774028655,29.28925156593317,1.1818629223646975,0.25,620.2512373244972,5.397306777676243,-0.17053028358142758
36.5,5.400000095367432,2.9500060392904035,-4.537856055185257,-0.030806919368667494,1.7952920590363517,29.58737778663641,1.1818629223646975,0.25,679.2940874316992,5.393261535565923,-0.26968692766496943
36.6,5.699999809265138,2.9174129249389935,-4.537856055185257,-0.04041845323292526,1.7948690945147856,30.21576333045965,1.1818629223646975,0.25,640.5637680251821,5.6930067812718335,-0.28226160563477853
36.8,5.800000190734862,2.8770940185555283,-4.537856055185257,-0.04731630670130043,1.793106536049018,30.83690857887268,1.1818629223646975,0.25,663.5642027848298,5.793381709916457,-0.2770028442632038
36.9,5.9000000953674325,2.846593424654913,-4.537856055185257,-0.044833298114143494,1.7927920074307242,31.123680353164673,1.1818629223646975,0.25,719.9568652295275,5.8933558388976826,-0.27992513546715825
37.1,6.0,2.9141727625081093,-4.520402762665314,-0.044598568712233895,1.7945418038475436,31.74517846107483,1.1818629223646975,0.25,721.2240260774707,5.996974302675239,-0.1905235236206414
37.31,6.0999999046325675,2.9653586281983544,-4.5553093477052,-0.06538991292515409,1.7915775059438035,32.38541054725653,1.1818629223646975,0.25,776.6509779282206,6.087627534062985,-0.38831667880165327
37.4,6.0999999046325675,2.9567059101017974,-4.572762640225143,-0.0667555683724401,1.7889870909635044,32.68290734291077,1.1818629223646975,0.25,729.5769389007473,6.081183861615181,-0.47875012036386205
37.51,6.300000190734862,2.9757044242718758,-4.520402762665314,-0.05840311284317394,1.7884331692945294,33.02111077308655,1.1818629223646975,0.25,722.1934208612073,6.297927747469381,-0.16158122079791926
37.7,6.4000000953674325,2.9356690342774643,-4.50294947014537,-0.024538322623698396,1.7896457094323084,33.64636254310608,1.1818629223646975,0.25,700.947325664718,6.399716751218607,-0.06022229549846573
37.8,6.5,2.9063451513404384,-4.50294947014537,-0.011034454382524162,1.7916959731056246,33.93952202796936,1.1818629223646975,0.25,767.1130783936824,6.499573166835512,-0.0744892539349636
38.0,6.5,2.897619324492811,-4.380776422505767,-0.010661293893229241,1.7952119555991162,34.23084664344793,1.1818629223646975,0.25,737.885678827588,6.462689408892478,0.6954463345140243
38.1,6.5999999046325675,2.9034982008692096,-4.34586983746588,-0.050044502199770274,1.7986539492103286,34.82930016517645,1.1818629223646975,0.25,792.8720106010225,6.536652344933032,0.9122361879641714
38.31,6.699999809265138,2.9614325559779853,-4.328416544945937,-0.06430867685035602,1.7961809649214209,35.41491341590881,1.1818629223646975,0.25,761.2722263059695,6.61592344446659,1.0580899872459866
38.4,6.9000000953674325,2.9852375413413186,-4.4331363000655974,-0.057129505563664126,1.794967909845628,35.71432900428766,1.1818629223646975,0.25,746.2932327593007,6.889535692207478,0.37986742670278373
38.6,7.0,3.0014117387516848,-4.4505895925855405,-0.04351353507107501,1.7913083791640108,36.30438637733465,1.1818629223646975,0.25,760.252850420482,6.994034593245974,0.28892924476178705
38.7,7.199999809265138,2.9798889823245647,-4.4331363000655974,-0.050588841400854186,1.7898758405166395,36.5994188785553,1.1818629223646975,0.25,717.778373848414,7.186968826293075,0.4329853846373543
38.91,7.199999809265138,2.9512235223264884,-4.4331363000655974,-0.06882979331125195,1.790495223074928,37.19761300086975,1.1818629223646975,0.25,775.7725221359797,7.187235631285703,0.42853381872989094
39.0,7.300000190734862,2.991327989042388,-4.520402762665314,-0.06731678935307284,1.7936210333273237,37.78783822059631,1.1818629223646975,0.25,792.9285759178529,7.296529270499465,-0.22508529377454506
39.2,7.300000190734862,3.0272751926572967,-4.642575810304916,-0.062067008327438694,1.7933900032029522,38.08517098426819,1.1818629223646975,0.25,753.3520316474606,7.2149679094914285,-1.1109639281893517
39.3,7.4000000953674325,3.053610930361568,-4.625122517784973,-0.056468872674167385,1.793862674392535,38.39144158363342,1.1818629223646975,0.25,791.6758813876005,7.331870939605628,-1.0018332877302907
39.5,7.4000000953674325,3.0894619750000185,-4.60766922526503,-0.045801052989562066,1.792348354521065,38.98957085609436,1.1818629223646975,0.25,789.657145929712,7.349553330457567,-0.8625933307173753
39.6,7.5999999046325675,3.1456230580699662,-4.4505895925855405,-0.042641326469613286,1.7901719162922471,39.303070306777954,1.1818629223646975,0.25,769.2422514263453,7.593161771487593,0.3223241573857349
39.8,7.5999999046325675,3.1702977255006486,-4.363323129985824,-0.05444722740918694,1.7877629705251827,39.91135811805725,1.1818629223646975,0.25,743.0792244613112,7.533785515868404,1.0010366383437128
39.9,7.5999999046325675,3.1771757741970026,-4.34586983746588,-0.056124246321478194,1.790960889155475,40.2307550907135,1.1818629223646975,0.25,689.5332847309693,7.51875036889855,1.1083282188065777
40.11,7.5999999046325675,3.0848395991002606,-4.34586983746588,-0.049943641477492896,1.7994057268252455,40.82497811317444,1.1818629223646975,0.25,765.2628450204066,7.527841810231001,1.0447948270129803
40.2,7.699999809265138,3.0926600078911264,-4.572762640225143,-0.04644267380025577,1.8020539605959094,41.12616753578186,1.1818629223646975,0.25,725.4998406163941,7.667696689963462,-0.7045740084664902
40.4,7.699999809265138,3.137911688274188,-4.4331363000655974,-0.04536719877446325,1.8023926331874838,41.75439095497131,1.1818629223646975,0.25,759.7825395243635,7.691257613817892,0.36681518585176653
40.5,7.699999809265138,3.129568630258174,-4.4156830075456535,-0.04985839293461842,1.8004693661658842,42.05664086341858,1.1818629223646975,0.25,738.8098510706186,7.6827066420437236,0.515767113124143
40.7,7.699999809265138,3.0725679099212755,-4.39822971502571,-0.05196599282697055,1.7966589127057866,42.67105889320368,1.1818629223646975,0.25,774.1031687172509,7.670003537078924,0.6790013283344545
40.8,7.5999999046325675,3.0556449128200764,-4.4156830075456535,-0.041556866525871324,1.7971316106367525,42.97799324989319,1.1818629223646975,0.25,796.9533688369993,7.5811899403836085,0.5343759334414385
41.0,7.5999999046325675,3.086630897537858,-4.34586983746588,-0.031395450498059634,1.7977243284493463,43.28544640541077,1.1818629223646975,0.25,760.0677920641174,7.526074453753289,1.0574506451731776
41.1,7.5999999046325675,3.2099617856694223,-4.328416544945937,-0.005280069420164393,1.7945694181474765,43.92596459388733,1.1818629223646975,0.25,772.0461139645342,7.502685740952614,1.2123139951849722
41.3,7.5,3.2383495426679656,-4.328416544945937,-0.014365582566268768,1.7926159041891223,44.56088662147516,1.1818629223646975,0.25,716.2456103929434,7.401615047694813,1.210823969756836
41.41,7.5,3.243815017538545,-4.101523742186674,-0.025476346745390233,1.7911655550750463,44.88599038124079,1.1818629223646975,0.25,767.493805195045,6.935402766485439,2.8548534930230853
41.6,7.4000000953674325,3.2213682157415406,-4.258603374866164,-0.03793372222829662,1.7916079627978967,45.52690148353577,1.1818629223646975,0.25,746.1235562811199,7.200082373658552,1.7084540450270942
41.7,7.4000000953674325,3.208647655201988,-4.241150082346221,-0.0368042371368767,1.792533128873136,45.84495186805725,1.1818629223646975,0.25,757.1577677106834,7.1708626816774625,1.8272191472189412
41.9,7.300000190734862,3.2397961767807457,-4.241150082346221,-0.0073374745755212575,1.7948731422514814,46.49294304847717,1.1818629223646975,0.25,705.5975496251268,7.078157791783492,1.7859689413155153
42.0,7.300000190734862,3.225760427922733,-4.136430327226561,-0.004879801905650027,1.7966997986079354,46.81469750404358,1.1818629223646975,0.25,662.7494584658199,6.857282845108716,2.5035324577298264
42.2,7.4000000953674325,3.1673879266578475,-4.084070449666731,-0.025484259004083173,1.7999810259935112,47.47178673744202,1.1818629223646975,0.25,670.6084365902643,6.818344920406728,2.875791014277945
42.3,7.4000000953674325,3.13124170880056,-4.084070449666731,-0.03533594644632851,1.801435038897248,47.78805184364319,1.1818629223646975,0.25,691.1914891312407,6.82251914866387,2.8658740163435015
42.5,7.5,3.1106968653941127,-4.084070449666731,-0.03817862796313145,1.8015860001552941,48.101585626602116,1.1818629223646975,0.25,770.2466649917552,6.915153667842756,2.90355811895007
42.6,7.5,3.1938312671663143,-4.276056667386108,-0.03355567715026701,1.79904335182954,48.75950646400452,1.1818629223646975,0.25,728.2611568226857,7.338211967772519,1.549401534799862
42.8,7.5,3.219105512792308,-4.258603374866164,-0.032256529054160744,1.7981627293713422,49.421558618545475,1.1818629223646975,0.25,689.6132191048238,7.308573692140722,1.6836717573649973
42.9,7.4000000953674325,3.190282357200352,-4.276056667386108,-0.03830947266631274,1.7957082215778957,49.74351906776434,1.1818629223646975,0.25,688.3303200420924,7.2352304200980075,1.5528818949058616
43.01,7.4000000953674325,3.1828957830692968,-4.276056667386108,-0.042494690846493016,1.7933720981835009,50.08322167396551,1.1818629223646975,0.25,672.161493691696,7.23158295664769,1.569780033176836
43.2,7.4000000953674325,3.187122032955476,-4.276056667386108,-0.03548153046209204,1.7914678918222724,50.73977303504944,1.1818629223646975,0.25,699.7725006437031,7.2285806624665625,1.5835476051109054
43.41,7.300000190734862,3.1982103327139235,-4.258603374866164,-0.03399149538456278,1.7923354952802626,51.38219475746155,1.1818629223646975,0.25,687.1332841931144,7.104008336504724,1.68019889882133
43.5,7.300000190734862,3.226291031496197,-4.258603374866164,-0.03766980678923675,1.7921928880228888,51.7194406986236,1.1818629223646975,0.25,665.9173459433258,7.103768655712229,1.6812119648781647
43.7,7.199999809265138,3.2368099688667584,-4.258603374866164,-0.0383635752334573,1.792931053682245,52.37622475624079,1.1818629223646975,0.25,679.4960453628446,7.007678491363011,1.6530091999460408
43.8,7.199999809265138,3.2263233025176636,-4.293509959906051,-0.03722432419021826,1.794789219450631,52.700733423232975,1.1818629223646975,0.25,616.125239100711,7.063701853080108,1.394314664704732
43.9,7.199999809265138,3.192990405007152,-4.276056667386108,-0.03834826266683242,1.7953458231899269,53.023205041885376,1.1818629223646975,0.25,684.8180122741686,7.039135360424624,1.5134631251000836
44.1,7.0999999046325675,3.1350531787912943,-4.276056667386108,-0.03830955116947008,1.793404168301772,54.005504846572876,1.1818629223646975,0.25,627.0095744147874,6.938458790534061,1.5059177460416229
44.3,7.0999999046325675,3.096252864182933,-4.276056667386108,-0.048376727428187216,1.7936953866527017,54.318432092666626,1.1818629223646975,0.25,637.3588515368101,6.938897047191651,1.5038970756861822
44.4,7.0,3.060008208793556,-4.276056667386108,-0.0536480109151519,1.7937594925921803,54.628071069717464,1.1818629223646975,0.25,647.9013881352148,6.841261231565268,1.482276884216332
44.6,7.0,3.0250932933249404,-4.363323129985824,-0.04741469292613343,1.7948314426538432,55.266620874404964,1.1818629223646975,0.25,672.2793881373873,6.94535684458097,0.8729365964560487
44.7,6.9000000953674325,3.0180324231951765,-4.380776422505767,-0.04365608690514874,1.794620157526672,55.586010217666626,1.1818629223646975,0.25,664.6941514668288,6.859955375212288,0.7423028803437394
44.9,6.9000000953674325,3.0047690255265254,-4.380776422505767,-0.03907211037307394,1.793871496431658,55.88885903358465,1.1818629223646975,0.25,675.2981141735072,6.8593977194970845,0.7474384535389953
45.0,6.9000000953674325,3.045024595274899,-4.293509959906051,-0.05070261644785722,1.794204036379315,56.5203058719635,1.1818629223646975,0.25,671.0026751479963,6.768598124104739,1.340179372485785
45.2,6.9000000953674325,3.085550145486103,-4.328416544945937,-0.04386034319943107,1.791646854355363,57.13691735267645,1.1818629223646975,0.25,704.6924752276136,6.8084032600349405,1.1205562747208087
45.3,6.800000190734862,3.0843519189778066,-4.34586983746588,-0.0457234193430364,1.7913321906323896,57.44717049598694,1.1818629223646975,0.25,694.3662016230228,6.727670976634554,0.9891642048432718
45.5,6.800000190734862,3.0593632344103563,-4.34586983746588,-0.04679568920456943,1.7980952495503868,58.05699944496155,1.1818629223646975,0.25,725.1824750702217,6.734206843664016,0.9436422949099375
45.6,6.800000190734862,3.0731328929608748,-4.328416544945937,-0.038240745201621504,1.8006753312327044,58.36472725868225,1.1818629223646975,0.25,728.5514896898239,6.719427539002696,1.0436935096503839
45.8,6.800000190734862,3.094162371529075,-4.363323129985824,-0.03692083075467557,1.8002905918861585,58.9720041751861,1.1818629223646975,0.25,681.1534593104916,6.7514470416086985,0.8111506878178156
45.9,6.800000190734862,3.093019863226413,-4.380776422505767,-0.041898372754178216,1.7977805070224453,59.28281044960016,1.1818629223646975,0.25,683.0098006609625,6.762814000477138,0.7101756043011979
46.11,6.800000190734862,3.065101458645984,-4.380776422505767,-0.05133318387091531,1.7906001703901826,59.875023126602116,1.1818629223646975,0.25,701.3082127583912,6.7575404091443,0.7587161608770747
46.21,6.9000000953674325,3.0614841347053448,-4.39822971502571,-0.055163182529412165,1.7864481095325144,60.16642022132868,1.1818629223646975,0.25,675.6333088346219,6.866549309543649,0.6786028998436443
46.4,6.9000000953674325,3.1253958156310118,-4.4505895925855405,-0.06574316348225277,1.784601170459915,60.78721261024475,1.1818629223646975,0.25,691.6705298589077,6.8920546274964085,0.3310352363056211
46.5,6.9000000953674325,3.131792338129209,-4.4505895925855405,-0.06327757202639858,1.78700812777758,61.07291054725653,1.1818629223646975,0.25,654.4511226145731,6.8928314500564785,0.31444541208749854
46.7,6.9000000953674325,3.0975916906802805,-4.4505895925855405,-0.04871904526535319,1.797583277897454,61.66790413856506,1.1818629223646975,0.25,649.4986691587837,6.895771273338709,0.2415364607408704
46.8,7.0999999046325675,3.078124520517833,-4.520402762665314,-0.0399969358142361,1.800849804050033,61.97847771644592,1.1818629223646975,0.25,638.8097132936819,7.094856163220882,-0.2702122665408277
47.0,7.199999809265138,3.0735618328767624,-4.4505895925855405,-0.03369745496639214,1.8048104289707876,62.5758860111236,1.1818629223646975,0.25,621.9975601111728,7.197220708589795,0.20002831115676045
47.1,7.4000000953674325,3.0614403187019863,-4.4505895925855405,-0.0427875492062337,1.8048370730986012,62.88470482826233,1.1818629223646975,0.25,596.7907734249347,7.39714927233697,0.20538757071120084
47.3,7.4000000953674325,2.991638054151198,-4.4505895925855405,-0.07710857021776751,1.8065642796858232,63.48177742958069,1.1818629223646975,0.25,642.6151862260302,7.397492985183001,0.19261086575347716
47.41,7.4000000953674325,3.0011087662465767,-4.572762640225143,-0.08564100185222964,1.8049117543612185,63.7842218875885,1.1818629223646975,0.25,605.2892037320271,7.366990371395915,-0.6981792600742953
47.6,7.5,3.0466627348570734,-4.642575810304916,-0.09071432497044739,1.7966921799232227,64.38741707801819,1.1818629223646975,0.25,599.2382985652511,7.408828552616852,-1.165872839519514
47.7,7.5,3.0298226700282234,-4.642575810304916,-0.08874187335702938,1.7926913845019599,64.67609047889715,1.1818629223646975,0.25,647.6588875219168,7.413433664767354,-1.136222380563801
47.91,7.5,3.029692849266307,-4.642575810304916,-0.07981259372505908,1.792813475512265,65.28892159461975,1.1818629223646975,0.25,612.712125115897,7.413294886976207,-1.1371274856991271
48.0,7.5,3.0215924947257418,-4.729842272904633,-0.07152512625356044,1.7970528139894064,65.57749581336975,1.1818629223646975,0.25,591.6071930981707,7.278371013735628,-1.8097832429362952
48.2,7.5,2.9994653314839845,-4.590215932745087,-0.058201303646593816,1.8032415282836496,66.1740305423736,1.1818629223646975,0.25,617.8026568461465,7.454446384199326,-0.8253660430969998
48.3,7.5,2.9881733088457887,-4.590215932745087,-0.05675867308818545,1.803184783561114,66.47521615028381,1.1818629223646975,0.25,600.9103012489832,7.454493207364884,-0.8249430412766723
48.5,7.4000000953674325,2.9717246201098013,-4.590215932745087,-0.06037376434124117,1.8020136282376888,66.77509713172913,1.1818629223646975,0.25,610.585692175693,7.356048269653696,-0.8053292903917434
48.6,7.300000190734862,2.9816735223637845,-4.590215932745087,-0.07296084134101846,1.799437128835655,67.36400246620184,1.1818629223646975,0.25,555.1616353627323,7.258665110585477,-0.775747121875519
48.8,7.300000190734862,3.0022221392395823,-4.520402762665314,-0.0707840775656121,1.802128999088776,67.9612619876861,1.1818629223646975,0.25,614.504790703766,7.2943501958308685,-0.2871550196517512
48.9,7.300000190734862,3.0191716104249084,-4.520402762665314,-0.0586334706071709,1.7983514987651363,68.26468300819403,1.1818629223646975,0.25,582.765773065039,7.295382878095897,-0.259598626179439
49.11,7.300000190734862,3.0404942692213663,-4.520402762665314,-0.05927416218501714,1.7905322267686976,68.86082863807684,1.1818629223646975,0.25,550.0855256455542,7.297189707260174,-0.20254668840836246
49.2,7.199999809265138,3.0099516745199404,-4.590215932745087,-0.06893981139512152,1.7887708325911011,69.1481516361236,1.1818629223646975,0.25,554.6198979698602,7.166984562885581,-0.6887158548906742
49.4,7.199999809265138,2.9546890626549964,-4.520402762665314,-0.0701743090591561,1.7900711107204432,69.747967004776,1.1818629223646975,0.25,577.9598265283421,7.197319178646068,-0.19645328735223444
49.5,7.199999809265138,2.9450587216794784,-4.520402762665314,-0.06306608755886411,1.7926987625550521,70.03882241249079,1.1818629223646975,0.25,566.8592881582446,7.196778121273421,-0.21536463632228103
49.7,7.199999809265138,2.9212157640674303,-4.537856055185257,-0.044031514136064334,1.804142782579914,70.62852883338923,1.1818629223646975,0.25,568.1410970181314,7.187550885682714,-0.42321332580584975
49.8,7.199999809265138,2.915910418844056,-4.60766922526503,-0.04507348402722325,1.8100157552009584,70.92168068885798,1.1818629223646975,0.25,635.74769915489,7.134973344384757,-0.9654805168086086
50.0,7.199999809265138,2.945506650773648,-4.537856055185257,-0.05310235857980084,1.8118624904387188,71.21612191200256,1.1818629223646975,0.25,545.478157866437,7.184069668902368,-0.4786859573614377
50.1,7.199999809265138,3.0205835373239704,-4.50294947014537,-0.07829909012869253,1.8025802416569618,71.82043099403381,1.1818629223646975,0.25,525.1056276353266,7.198202503388788,-0.1608663222225423
50.3,7.0999999046325675,2.978988055913368,-4.50294947014537,-0.08435736145203225,1.7968129805102713,72.10047554969793,1.1818629223646975,0.25,518.201113654679,7.099024381000925,-0.11769232658462216
50.4,7.0,2.880009420618313,-4.60766922526503,-0.05205555390527263,1.7971612261606047,72.68983101844793,1.1818629223646975,0.25,551.2693195979882,6.948272440031448,-0.8494175057646464
50.6,7.0,2.8158523117891936,-4.520402762665314,-0.02216718320167189,1.8019016538363448,73.25706124305725,1.1818629223646975,0.25,593.6845334338142,6.994644616500111,-0.27376392908127495
50.7,6.9000000953674325,2.85218102179276,-4.537856055185257,-0.02263441359411982,1.8034788463932956,73.5464670658111,1.1818629223646975,0.25,605.1860740785924,6.888337637140015,-0.4010061256775131
50.9,6.9000000953674325,2.861175749669832,-4.537856055185257,-0.05240776978349867,1.8022680133373592,74.11954140663153,1.1818629223646975,0.25,606.1955169671056,6.888818138941203,-0.39266520684322226
51.0,6.9000000953674325,2.8533025941261037,-4.468042885105484,-0.07502981332732085,1.796785905113714,74.69133400917053,1.1818629223646975,0.25,597.9456082559519,6.898837610078204,0.12665285563708886
51.2,6.9000000953674325,2.8379288778117244,-4.537856055185257,-0.07042209050067216,1.7934593521183655,74.96399331092834,1.1818629223646975,0.25,610.4464044797496,6.892009690365175,-0.3319694925488093
51.3,6.800000190734862,2.829753286785338,-4.50294947014537,-0.06061128370637583,1.792050942455433,75.2486002445221,1.1818629223646975,0.25,597.9321695315228,6.79952556740812,-0.08034084986758144
51.51,6.800000190734862,2.8200155994198837,-4.50294947014537,-0.05520223087148843,1.7919816105444941,75.53242897987366,1.1818629223646975,0.25,623.0051765461321,6.799531121250397,-0.07986942557379298
51.7,6.800000190734862,2.8347682338370195,-4.4331363000655974,-0.06256899815040333,1.7945571160598106,76.34872078895569,1.1818629223646975,0.25,617.2042916877908,6.789533086937034,0.3771512367491775
51.81,6.800000190734862,2.818942063067172,-4.50294947014537,-0.06534026786398789,1.7976636104361632,76.63196206092834,1.1818629223646975,0.25,622.3450970144404,6.798967544071659,-0.11850286348590033
51.9,6.800000190734862,2.8274291959985467,-4.520402762665314,-0.058484652930603155,1.8014679787014085,76.91502785682678,1.1818629223646975,0.25,646.7751386005693,6.794912511560203,-0.2629953502189164
52.1,6.800000190734862,2.8781363730727647,-4.520402762665314,-0.03945425713770485,1.8043761208531102,77.46263527870178,1.1818629223646975,0.25,641.428240563313,6.794118951519393,-0.2827547817441474
52.21,6.699999809265138,2.8897211153621805,-4.4331363000655974,-0.044240792763330025,1.8050942499995328,77.71793007850647,1.1818629223646975,0.25,598.8423861461744,6.693230833414851,0.30109542470390055
52.4,6.699999809265138,2.9245771570817105,-4.39822971502571,-0.06715434736096622,1.8021180129651673,78.30167031288147,1.1818629223646975,0.25,633.8366193026304,6.677025036131486,0.5543772280913135
52.51,6.5999999046325675,2.8916630705525304,-4.39822971502571,-0.0671776938212516,1.8004915920356004,78.55965828895569,1.1818629223646975,0.25,616.9980968709352,6.576471145996199,0.556799790794981
52.61,6.5,2.894540895812748,-4.39822971502571,-0.05898491472323252,1.799460937602169,78.84982705116272,1.1818629223646975,0.25,653.2276167167582,6.476259124262902,0.5550385170431924
52.8,6.5,2.9008710367896833,-4.468042885105484,-0.03350557293096414,1.7997938677116774,79.39966225624084,1.1818629223646975,0.25,638.4964902543288,6.49923438613703,0.0997616863030105
53.01,6.4000000953674325,2.9147466655612453,-4.34586983746588,-0.025703308063331546,1.800676760879401,79.94932961463928,1.1818629223646975,0.25,674.4352394767411,6.340348552111878,0.8717691543269689
53.1,6.4000000953674325,2.9556688170804746,-4.363323129985824,-0.02930912980808656,1.8011796089361716,80.24374794960022,1.1818629223646975,0.25,628.7856355788899,6.354979210842286,0.7577865467699336
53.3,6.4000000953674325,2.9636322348656816,-4.363323129985824,-0.044356242490695454,1.8004763362325682,80.79858040809631,1.1818629223646975,0.25,629.3546154548819,6.3544447087302665,0.7622556424147116
53.4,6.300000190734862,2.9874938430432034,-4.310963252425994,-0.047157067851581205,1.7996913840827897,81.09695076942444,1.1818629223646975,0.25,639.7411168862454,6.206467027307413,1.0815588020099458
53.6,6.300000190734862,2.980758148566661,-4.4156830075456535,-0.052135278932050805,1.7970625039386516,81.66598153114319,1.1818629223646975,0.25,637.2892327486734,6.284377092534097,0.44340383635235775
53.7,6.4000000953674325,2.9602269136785693,-4.4156830075456535,-0.055057091644835736,1.7972584585945066,81.93783974647522,1.1818629223646975,0.25,681.0507786642992,6.384217155359027,0.4491909771162394
53.9,6.300000190734862,3.006918620750364,-4.4156830075456535,-0.04800249167804937,1.7987116625947666,82.5349771976471,1.1818629223646975,0.25,642.044663564513,6.285099789592986,0.4330393032018063
54.01,6.300000190734862,2.998394527962025,-4.39822971502571,-0.0464912403505386,1.7995246612810736,82.81637978553772,1.1818629223646975,0.25,673.1199207750216,6.277024070858196,0.5375604311387745
54.21,6.300000190734862,3.0109542605035085,-4.363323129985824,-0.04547379701051896,1.7993852927699359,83.39770913124084,1.1818629223646975,0.25,638.2081928331173,6.2543342240398205,0.7571696093105685
54.3,6.300000190734862,3.0144542298201387,-4.363323129985824,-0.03399327486467577,1.8003342958887882,83.69990181922913,1.1818629223646975,0.25,606.6728373818261,6.255049963904573,0.7512338865604441
54.5,6.4000000953674325,2.9735912256008845,-4.363323129985824,-0.02136662254178982,1.8035071653748047,84.00010323524475,1.1818629223646975,0.25,658.6119351465312,6.35672578610331,0.7429929346853873
54.6,6.300000190734862,2.919439990004105,-4.310963252425994,-0.016248022607984938,1.8080174370160536,84.57742714881897,1.1818629223646975,0.25,644.5602621267973,6.2152569143972025,1.029846537740972
54.8,6.300000190734862,2.970456370602629,-4.2062434973063345,-0.03345731506356862,1.8086777247791825,85.17503762245178,1.1818629223646975,0.25,617.8690029647332,6.074664726621695,1.6698655222494656
54.9,6.300000190734862,2.97391732304674,-4.2062434973063345,-0.03637907027041744,1.8073028854222182,85.4731867313385,1.1818629223646975,0.25,675.868148074078,6.072363189390237,1.6782156295892752
55.1,6.300000190734862,3.052391115739101,-4.2062434973063345,-0.039606446836412484,1.803546478646305,86.08263802528381,1.1818629223646975,0.25,649.9805680587307,6.066016301384528,1.7010140018813698
55.2,6.199999809265138,3.072332582677179,-4.34586983746588,-0.03882866240134879,1.801719523065936,86.38261818885803,1.1818629223646975,0.25,643.6687942585813,6.1430896799615535,0.8381210048898643
55.4,6.199999809265138,3.0725861847882023,-4.328416544945937,-0.042180948714172516,1.7997947589890806,86.69088387489319,1.1818629223646975,0.25,632.9366932123703,6.1256961832477606,0.9569973382573015
55.51,6.0999999046325675,3.0592769116866543,-4.310963252425994,-0.04977205077315877,1.800016444945472,87.29880166053772,1.1818629223646975,0.25,658.1525341472299,6.009776146031951,1.0452700661086032
55.7,6.0999999046325675,3.074473750742483,-4.328416544945937,-0.03583256176005504,1.80091033642828,87.91150307655334,1.1818629223646975,0.25,630.0570572385767,6.027941357824242,0.9348378592832971
55.8,6.0999999046325675,3.0678816121898445,-4.39822971502571,-0.028094908212157276,1.8008775667868153,88.21945595741272,1.1818629223646975,0.25,607.2623044169814,6.078451804523236,0.5122718971459836
56.01,6.0999999046325675,3.048504494375396,-4.328416544945937,-0.022994915472529225,1.8000010582505688,88.52649331092834,1.1818629223646975,0.25,627.417291436308,6.027088838365214,0.9403185476054323
56.1,6.199999809265138,2.9764378826945515,-4.34586983746588,-0.02993405677042858,1.7949371784751154,89.12916207313538,1.1818629223646975,0.25,588.9558411544131,6.1372640069486275,0.8797659597305547
56.3,6.300000190734862,2.9158821846857137,-4.34586983746588,-0.03551121098046083,1.7913571107585424,89.73670601844793,1.1818629223646975,0.25,593.4533685992465,6.2330121367058995,0.9162762175983059
56.41,6.4000000953674325,2.8572277798260486,-4.328416544945937,-0.03712237429108681,1.7920583532875527,90.02684426307678,1.1818629223646975,0.25,602.5902442813896,6.315467871208333,1.0367578253567367
56.6,6.4000000953674325,2.842144134901272,-4.4156830075456535,-0.0350466810150896,1.7948154228093962,90.61192727088928,1.1818629223646975,0.25,614.8598178374123,6.3831007149717145,0.46478649209150924
56.7,6.5999999046325675,2.8940194735796507,-4.39822971502571,-0.03770988476957542,1.797819191080725,90.91096138954163,1.1818629223646975,0.25,567.5195015261415,6.574959671808394,0.5743727493911588
56.91,6.5999999046325675,2.8599092196669433,-4.39822971502571,-0.04961279681364392,1.8021204146905598,91.49388527870178,1.1818629223646975,0.25,554.9759034167326,6.577369349813702,0.5460871517268894
57.0,6.800000190734862,2.8231759273264663,-4.380776422505767,-0.06050329137627492,1.8035703514526382,91.80679726600647,1.1818629223646975,0.25,638.7141579153249,6.7668124315530855,0.671008278766201
57.2,6.9000000953674325,2.771974144159888,-4.590215932745087,-0.07042644083758098,1.8024054167503774,92.39373421669006,1.1818629223646975,0.25,615.0728333025909,6.858723261223283,-0.7536023766053485
57.3,7.0999999046325675,2.7309182180636005,-4.590215932745087,-0.0684373000323684,1.8014903537714926,92.67262673377991,1.1818629223646975,0.25,641.9214755262001,7.058233268633981,-0.7689874975127593
57.5,7.0999999046325675,2.772382615636294,-4.590215932745087,-0.06951585657800412,1.798991710547033,93.23653817176819,1.1818629223646975,0.25,652.5425040859774,7.060132659002121,-0.7513491086533016
57.6,7.199999809265138,2.81499736487777,-4.50294947014537,-0.06846711352280659,1.7992467541191592,93.5183908939361,1.1818629223646975,0.25,621.0898775254827,7.1986987545990875,-0.1368703545387552
57.8,7.199999809265138,2.9163242112240964,-4.468042885105484,-0.06487657699487424,1.7977647463808488,94.10205483436584,1.1818629223646975,0.25,616.8694180819148,7.198912695646892,0.1251129644442133
57.9,7.199999809265138,2.9402307819869935,-4.485496177625427,-0.06713065687447088,1.796605881696319,94.39799904823303,1.1818629223646975,0.25,614.3175801079634,7.199995584932346,0.007799382844506442
58.1,7.0999999046325675,2.938861986790555,-4.485496177625427,-0.06740908718138042,1.7964111166616874,94.96046853065491,1.1818629223646975,0.25,583.0421961319006,7.099994106358251,0.009073888944582867
58.2,7.0999999046325675,2.894777450731237,-4.572762640225143,-0.06826836564184954,1.7984378075976704,95.22234749794006,1.1818629223646975,0.25,503.1882021125785,7.072516992930825,-0.624100977797016
58.4,7.0,2.752597527958281,-4.60766922526503,-0.07135368425284903,1.8048367318782597,95.79467415809631,1.1818629223646975,0.25,456.95660925287297,6.941548122995103,-0.9027234660421541
58.5,7.0,2.604717359997744,-4.60766922526503,-0.07459888257493916,1.807931037539872,96.03157448768616,1.1818629223646975,0.25,423.2867095713409,6.938721593431342,-0.9241983817609852
58.7,7.0,2.3593656083314496,-4.60766922526503,-0.0766095339912646,1.8096108639088533,96.52802681922913,1.1818629223646975,0.25,451.3104755762034,6.937159311451943,-0.9358529198199945
58.8,6.9000000953674325,2.2194011002881693,-4.642575810304916,-0.0748004199137333,1.8085171098743615,96.75871682167053,1.1818629223646975,0.25,507.26309690673224,6.802962662411329,-1.1531263286856028
59.0,6.9000000953674325,1.9972877278972028,-4.5553093477052,-0.07440270160453996,1.8062936214911192,97.17188668251038,1.1818629223646975,0.25,527.8517639137898,6.878795776923969,-0.5405274973981824
59.1,6.800000190734862,1.9240829892680225,-4.572762640225143,-0.07216033902557531,1.8047200529006033,97.36827492713928,1.1818629223646975,0.25,565.4390509028708,6.769789795950759,-0.6402723737872477
59.3,6.800000190734862,1.9123187984468175,-4.572762640225143,-0.06206715634714344,1.8012167336956821,97.745037317276,1.1818629223646975,0.25,579.1959181923158,6.7719913262625,-0.6165517585893523
59.5,6.800000190734862,1.908192601506633,-4.572762640225143,-0.06472731408878059,1.8003259961139857,97.93598580360413,1.1818629223646975,0.25,485.08084943637374,6.772537825518028,-0.6105194476195738
59.6,6.800000190734862,1.8629499500330275,-4.537856055185257,-0.08370367519498237,1.8008230672367151,98.3194391727447,1.1818629223646975,0.25,515.171937052961,6.789532361214503,-0.3771643010879789
59.7,6.699999809265138,1.8879734148460317,-4.5553093477052,-0.08221620687619015,1.8012943555358603,98.52847695350647,1.1818629223646975,0.25,513.9436512558531,6.681950545535957,-0.49146144422996474
59.9,6.800000190734862,1.8040761351873948,-4.5553093477052,-0.05915405127835841,1.8025088155493176,98.89749550819397,1.1818629223646975,0.25,511.968399755704,6.7810707642597,-0.5070324290383575
60.0,6.800000190734862,1.830245383361209,-4.590215932745087,-0.05939281525156551,1.8025041401058508,99.10708260536194,1.1818629223646975,0.25,513.7452760340238,6.759248218138247,-0.7433479128840627
60.2,6.800000190734862,1.8450655635492648,-4.520402762665314,-0.0586852166363876,1.8020602165225792,99.51558327674866,1.1818629223646975,0.25,539.8099033362087,6.794755564133194,-0.26701950804232993
60.3,6.699999809265138,1.7788205638175358,-4.520402762665314,-0.059254578080627125,1.804080438926055,99.69775795936584,1.1818629223646975,0.25,50.99396212355623,6.694287142539908,-0.27661723984189474
60.5,6.699999809265138,1.4835982920018829,-4.520402762665314,-0.058819354723388895,1.797854595111245,99.86254525184631,1.1818629223646975,0.25,422.2953107101275,6.695879568494026,-0.23493456190424786
60.6,6.699999809265138,1.1024297856584304,-4.60766922526503,-0.05836118841791344,1.644200784239342,100.13729500770569,1.1818629223646975,0.25,389.37823258532086,6.6967149074567205,0.20977819810413095
60.8,6.5999999046325675,0.8023840607984031,-4.799655442984406,-0.047318628010962434,1.3987715700876602,100.30663704872131,1.1818629223646975,0.25,406.2543657052447,6.576306998376286,0.5587351825838229
60.9,6.5,0.6675533986732375,-4.747295565424577,-0.03112091964701055,1.2544379613855,100.38161873817444,1.1818629223646975,0.25,421.3071065878649,6.244245916702585,1.8053788886943085
61.11,6.5,0.364643063003969,-4.694935687864747,-0.00023930127429339727,0.9517843621314674,100.47646737098694,1.1818629223646975,0.25,417.98325504106106,5.227310887076495,3.8633173426281653
61.2,6.5,0.2497269948789589,-5.305800926062762,0.011432662692127163,0.8000510591020383,100.49507546424866,1.1818629223646975,0.25,346.2663948112804,6.398064453988478,1.1466347468174545
61.4,6.5,-0.0852766792612085,-5.480333851262195,0.056001005099069946,0.4983305234824505,100.51407265663147,1.1818629223646975,0.25,493.0133414581833,6.20093957486774,1.9489351935965167
61.5,6.4000000953674325,-0.15717101361576874,-5.305800926062762,0.07610885188886785,0.35177294378337265,100.49792885780329,1.1818629223646975,0.25,491.34818744436774,5.187873470070652,3.7477953625085023
61.7,6.4000000953674325,-0.17606576934755058,-5.218534463463046,0.08904258318950255,0.06594830859395734,100.47340035438543,1.1818629223646975,0.25,447.7909660522783,3.4649192825657518,5.380923302371739
61.8,6.300000190734862,-0.19753423372466294,-5.427973973702365,0.0979240901649684,-0.07661991879422454,100.45598244667053,1.1818629223646975,0.25,416.98941601134726,3.757099691595789,5.05709445340604
62.0,6.300000190734862,-0.2171692762413278,-5.515240436302081,0.11298317076810978,-0.2228950918898572,100.43517708778381,1.1818629223646975,0.25,449.06423116745276,3.4523209538968773,5.269865504407476
62.2,6.5,0.009094173937090735,-5.235987755982989,0.1385136332755744,-0.6785164122874556,100.56232857704163,1.1818629223646975,0.25,562.9112448642991,-1.0029416986340336,6.42215757741439
62.3,6.5,0.09728091437747828,-5.096361415823442,0.14170584599118424,-0.8018262633854562,100.56603646278381,1.1818629223646975,0.25,540.6896576059627,-2.637699151847495,5.94075274559908
62.4,6.699999809265138,0.1678402127715169,-5.288347633542818,0.1501784580636449,-0.8958835363452532,100.57722115516663,1.1818629223646975,0.25,578.723792703877,-2.1071181564839967,6.360035418043548
62.6,6.800000190734862,0.1976193314000532,-5.323254218582705,0.17004694101198795,-0.9973897845398499,100.46083474159241,1.1818629223646975,0.25,410.2500838158666,-2.5634072709258295,6.298328806704105
62.7,6.9000000953674325,0.1270732459623035,-5.061454830783556,0.1727534964985234,-1.0129064940610295,100.33739876747131,1.1818629223646975,0.25,522.2290304494164,-4.25141022754768,5.434658443101421
62.9,6.9000000953674325,0.12439076081108826,-4.956735075663896,0.07342342689532214,-1.0095257377314613,100.35531258583069,1.1818629223646975,0.25,493.1406423258996,-4.779399456216295,4.976679832377201
63.0,7.0,0.07745714913229332,-4.9218284906240095,0.007085668736885454,-0.9960584466116599,100.1840250492096,1.1818629223646975,0.25,490.5149196730926,-4.9557862964759885,4.943701263593989
63.2,7.0999999046325675,0.11083007060917968,-4.572762640225143,-0.08156385362377555,-0.9676525376913206,100.00829720497131,1.1818629223646975,0.25,512.136477523709,-6.350846203363654,3.1743898857896986
63.3,7.0999999046325675,0.2077904626370488,-4.4331363000655974,-0.1101283468133485,-0.9589575350239791,100.02015328407288,1.1818629223646975,0.25,470.9283784461877,-6.710928213486605,2.3180684112450063
63.51,7.0999999046325675,0.31394694888848546,-4.380776422505767,-0.14195170033209054,-0.9542948003535207,100.03934121131903,1.1818629223646975,0.25,594.6354716437129,-6.8138192432882585,1.9954613415391156
63.6,6.9000000953674325,0.5908028724919591,-4.031710572106901,-0.1838619658401246,-0.9528013879413387,99.97216439247131,1.1818629223646975,0.25,507.3156187801578,-6.8864487334193845,-0.4322327591207365
63.8,6.699999809265138,0.5781987143984431,-3.9095375244672983,-0.1361873292865062,-0.9662260152197171,99.90322518348694,1.1818629223646975,0.25,414.9037170266238,-6.568724125399463,-1.3197957450105435
63.9,6.300000190734862,0.4622600081694001,-3.8746309394274117,-0.12179966726656782,-0.971755710524028,99.9284098148346,1.1818629223646975,0.25,563.7476189493646,-6.121345083719053,-1.4896767331498089
64.11,6.0999999046325675,0.3045102988717588,-3.839724354387525,-0.1519399766536687,-0.9854100419631946,99.74374794960022,1.1818629223646975,0.25,526.4098978802758,-5.850013306888708,-1.7283932265958397
64.2,5.699999809265138,0.2926116303533505,-3.839724354387525,-0.1797385106757375,-0.9980102612808344,99.54932808876038,1.1818629223646975,0.25,611.6999455661426,-5.445622326276774,-1.683803820276741
64.4,5.400000095367432,0.5615665098168269,-3.735004599267865,-0.22786579699639567,-1.020339549457697,99.53429818153381,1.1818629223646975,0.25,557.7988181693946,-4.915308235706017,-2.2360111757253964
64.5,5.0,0.7019669365166894,-3.6477381366681487,-0.17080292602554495,-1.0246485508914835,99.40081429481512,1.1818629223646975,0.25,576.3281201309,-4.342810014821016,-2.4779025758028275
64.71,4.800000190734863,0.6019870599778215,-3.5779249665883754,-0.12188761304150833,-1.027289561011823,99.271404504776,1.1818629223646975,0.25,509.48765420784184,-3.985957228751016,-2.6743497904392095
64.81,4.400000095367432,0.42909482285305023,-3.5255650890285457,-0.08610477435916535,-1.0270940742825116,99.27087807655334,1.1818629223646975,0.25,507.681736894956,-3.521001623522861,-2.63866413292461
65.01,4.199999809265137,0.1653894611963969,-3.5604716740684323,-0.05562620968922064,-1.0221349538120683,99.12654519081116,1.1818629223646975,0.25,519.3550951477592,-3.458669624677652,-2.382772088379276
65.1,4.0,0.04597329536713842,-3.4033920413889427,-0.051822186425338965,-1.0033336683102319,98.97591805458069,1.1818629223646975,0.25,484.2928701617312,-2.9497325726012953,-2.701680541835941
65.3,3.900000095367432,0.07967396885233433,-3.3335788713091694,-0.05188838234072121,-0.991607811803576,98.96106362342834,1.1818629223646975,0.25,526.8028107014325,-2.7182147003367634,-2.796660434650424
65.4,3.7999999523162837,0.1018364588415785,-3.193952531149623,-0.03899675020278478,-0.98174884714086,98.94890236854553,1.1818629223646975,0.25,506.76326294995664,-2.273629973793507,-3.044767048539428
65.6,3.7999999523162837,-0.020460258903925343,-3.1590459461097367,-0.011649483399451446,-0.978772727150365,98.83131814002991,1.1818629223646975,0.25,628.3909170916377,-2.1752667189732886,-3.1158007540487795
65.7,3.7000000476837163,0.009255604257016813,-3.0543261909900767,-0.005828486856909979,-0.9828302742527868,98.7041666507721,1.1818629223646975,0.25,624.1711011524931,-1.7761456888056044,-3.2458137415749486
65.9,3.7999999523162837,0.0803760208194633,-3.01941960595019,0.006386569163801168,-0.9809058610509656,98.7049143314361,1.1818629223646975,0.25,583.4315775030627,-1.713230091376306,-3.3918788733689316
66.0,3.7999999523162837,0.015327690106635797,-3.001966313430247,0.013952728511613242,-0.9868618909882684,98.55547738075262,1.1818629223646975,0.25,534.9816900856531,-1.6333663563527114,-3.4310514399435674
66.21,3.7000000476837163,0.010211990546760308,-2.9845130209103035,0.02096219213666778,-0.9923167009875263,98.41952157020569,1.1818629223646975,0.25,564.7195332811681,-1.513441993249037,-3.3763136237514852
66.31,3.7000000476837163,0.005886601655726402,-2.949606435870417,0.027723469252193496,-0.9936844131174072,98.42815041542053,1.1818629223646975,0.25,528.0396844763453,-1.3899998437238,-3.4289795548103394
66.5,3.7000000476837163,0.0017036535439676065,-2.9670597283903604,0.03451538991619444,-0.9938720854508892,98.43929696083069,1.1818629223646975,0.25,555.0482904448509,-1.4489931854766718,-3.4044704582800644
66.6,3.5999999046325684,-0.0026583597437103428,-3.01941960595019,0.03816753310211057,-0.9962777134152258,98.35428261756897,1.1818629223646975,0.25,532.4984900283889,-1.5734749750210533,-3.2379277040009704
66.8,3.5,-0.02966346877347667,-3.036872898470133,0.048912150803582695,-0.9934406343979308,98.297039270401,1.1818629223646975,0.25,524.5215847190992,-1.5933218958307116,-3.116299943244621
66.9,3.400000095367432,-0.05125871560355255,-3.036872898470133,0.05180108183206583,-0.9906103027310826,98.31306099891663,1.1818629223646975,0.25,512.8374963189926,-1.5563604035501333,-3.022869984428674
67.1,3.2999999523162837,-0.07667045025323778,-3.036872898470133,0.05867803108153248,-0.9841001592211062,98.27811074256897,1.1818629223646975,0.25,483.58662653612555,-1.5296534009209741,-2.924065689812452
67.2,3.2999999523162837,-0.1343810333284599,-3.0892327760299634,0.06560743736072297,-0.979262377228829,98.248699426651,1.1818629223646975,0.25,511.42584405563315,-1.6943104310340786,-2.8318389517372964
67.4,3.2000000476837163,-0.16406391203365844,-3.1066860685499065,0.06539475465250835,-0.9774587559135323,98.26093697547913,1.1818629223646975,0.25,497.4437447780838,-1.695539831226663,-2.713880061074853
67.5,3.2000000476837163,-0.15002290506487578,-3.12413936106985,0.06522801451214853,-0.9771530503855573,98.23431038856512,1.1818629223646975,0.25,498.02124717673,-1.7434657242714733,-2.683342612017022
67.7,3.0999999046325684,-0.13071985352935736,-3.12413936106985,0.05459045769944045,-0.9878110601053174,98.23471474647522,1.1818629223646975,0.25,542.3039957942274,-1.661181571497772,-2.617341245469938
67.9,3.0999999046325684,-0.08455521541595923,-3.141592653589793,0.05097775820175672,-0.9924014750620197,98.2482721805572,1.1818629223646975,0.25,562.0042055627528,-1.6947097607551904,-2.595757738218846
68.0,3.0,-0.007681102852366506,-3.1066860685499065,0.052007072709760946,-0.9964618598876016,98.23220467567444,1.1818629223646975,0.25,557.5981559816137,-1.5409355905425473,-2.5740080624969477
68.2,3.0,0.042682279481848835,-3.141592653589793,0.052331755301908575,-1.0030385906403056,98.24611306190491,1.1818629223646975,0.25,582.1250822596957,-1.6132287888949042,-2.5293265654479415
68.3,3.0,0.07131103158267753,-3.193952531149623,0.05196773037393498,-1.006315146341504,98.27318215370178,1.1818629223646975,0.25,550.0918527094582,-1.7353838128100927,-2.4471295474977834
68.5,2.900000095367432,0.09532692073514744,-3.2114058236695664,0.05467748253416113,-1.0099498601430215,98.30252480506897,1.1818629223646975,0.25,511.8396113190101,-1.710065195861975,-2.342152338989217
68.6,2.799999952316284,0.09478528805984036,-3.246312408709453,0.04624530997758581,-1.0172166317157225,98.31707406044006,1.1818629223646975,0.25,515.9239040141402,-1.7129630967218743,-2.2148943907645346
68.81,2.799999952316284,0.1401105783547505,-3.263765701229396,0.03307074929274808,-1.0173851358024608,98.328533411026,1.1818629223646975,0.25,480.849922713096,-1.7509892919781076,-2.1849568033142437
68.92,2.700000047683716,0.14672092739447756,-3.2986722862692828,0.03447212665231156,-1.0132059647801839,98.35709023475647,1.1818629223646975,0.25,532.76798519968,-1.7694941610610644,-2.0393358407733797
69.1,2.700000047683716,0.12151697966988473,-3.3161255787892263,0.036592094421195875,-1.0032112445211563,98.38904213905334,1.1818629223646975,0.25,513.1288034138271,-1.824796328152995,-1.990004677947118
69.2,2.5999999046325684,0.14975293019535674,-3.3161255787892263,0.03474143783690053,-0.9977877960740497,98.41269326210022,1.1818629223646975,0.25,523.979545220849,-1.7675782475040698,-1.9067424165418374
69.4,2.5999999046325684,0.14452431199356197,-3.3161255787892263,0.03379889300476499,-0.9892470254411098,98.44146370887756,1.1818629223646975,0.25,493.4161770756145,-1.7837986317594285,-1.8915765766742183
69.5,2.5,0.14333390561016746,-3.351032163829113,0.0328618210193976,-0.9706270656081668,98.49901986122131,1.1818629223646975,0.25,484.424830192369,-1.8100434186468395,-1.7244543550390836
69.7,2.5,0.115029624554167,-3.385938748868999,0.03613659985761295,-0.9535724082049998,98.55166268348694,1.1818629223646975,0.25,486.7946201403174,-1.8971649108220465,-1.628117103019797
69.8,2.5999999046325684,0.06962332406789475,-3.490658503988659,0.03880996697488303,-0.9495643996105775,98.57433724403381,1.1818629223646975,0.25,482.78696077520726,-2.145140348076451,-1.4691400175421707
70.0,2.5999999046325684,0.004784006666166282,-3.5255650890285457,0.03983994736237085,-0.9519925150243544,98.592449426651,1.1818629223646975,0.25,495.1312245704248,-2.1917160769212902,-1.3987065962002587
70.1,2.700000047683716,-0.07025367028867242,-3.543018381548489,0.04274591478412029,-0.9709869245869082,98.62083840370178,1.1818629223646975,0.25,521.3589023415408,-2.2737717936086153,-1.4560089587917815
70.3,2.700000047683716,-0.11969310047321033,-3.543018381548489,0.044539447354376246,-0.9910120914647718,98.63814187049866,1.1818629223646975,0.25,500.48991194235003,-2.2441610355584025,-1.5012466499458066
70.4,2.799999952316284,-0.12964364476124685,-3.612831551628262,0.048301951061530554,-0.9937968793632588,98.64312386512756,1.1818629223646975,0.25,465.71206193503167,-2.426326887622164,-1.3974754263932283
70.6,2.900000095367432,-0.18425957744023325,-3.6651914291880923,0.05839736713987386,-0.9863861563489449,98.67062020301819,1.1818629223646975,0.25,505.5881270038081,-2.594953626116512,-1.2946876964874126
70.7,3.0,-0.17080704725306814,-3.735004599267865,0.05425527987338791,-0.9812683418261086,98.69066262245178,1.1818629223646975,0.25,504.3800573564585,-2.7771657227676685,-1.1346147135853357
70.91,3.0,-0.18207133184760632,-3.7873644768276953,0.046398002248303497,-0.9734145175692163,98.69788765907288,1.1818629223646975,0.25,455.8845744661812,-2.840410748289767,-0.9654360574372427
71.0,3.0999999046325684,-0.18647911761450373,-3.839724354387525,0.04866824485199816,-0.9729660714839199,98.70620369911194,1.1818629223646975,0.25,434.9722253518048,-2.983657405946854,-0.8413013090804167
71.2,3.2000000476837163,-0.2936715745045427,-3.839724354387525,0.0581625637379688,-0.978005141141198,98.70418190956116,1.1818629223646975,0.25,441.7096762631263,-3.075489345315921,-0.8839488627879081
71.3,3.2999999523162837,-0.40253870151650895,-3.839724354387525,0.06391878576431174,-0.9800790144223356,98.69060921669006,1.1818629223646975,0.25,478.09764248749707,-3.1697009898741153,-0.9181477659279731
71.5,3.2999999523162837,-0.4942159991274504,-3.7873644768276953,0.07103815458899124,-0.9817179038239873,98.65230202674866,1.1818629223646975,0.25,528.9539574765296,-3.115526143132739,-1.0878862701330116
71.6,3.2999999523162837,-0.509918554037938,-3.7873644768276953,0.07355565189011863,-0.9805043406594117,98.628338098526,1.1818629223646975,0.25,583.3356232154766,-3.116844067340585,-1.0841045822111781
71.8,3.2999999523162837,-0.43936345081859,-3.8048177693476384,0.06452705324892538,-0.9768185716852402,98.58401131629944,1.1818629223646975,0.25,576.8180824821322,-3.139062943615762,-1.0179801183254134
71.9,3.400000095367432,-0.3750629879033722,-3.8048177693476384,0.05176858926061693,-0.9742101384757355,98.56882882118231,1.1818629223646975,0.25,488.1982322301156,-3.2369109927984625,-1.0403883280770791
72.1,3.400000095367432,-0.2839045960928301,-3.7873644768276953,0.03345549715860713,-0.963891896088984,98.50698494911194,1.1818629223646975,0.25,487.79080327719583,-3.2294054393993563,-1.0634571719051016
72.2,3.400000095367432,-0.27599447231560365,-3.717551306747922,0.0296011919228277,-0.9574912604995559,98.45163369178772,1.1818629223646975,0.25,524.984853779777,-3.155523325494887,-1.2659672945049703
72.4,3.400000095367432,-0.2617833316957343,-3.6651914291880923,0.028576142110879034,-0.9475792589078683,98.42093300819397,1.1818629223646975,0.25,509.1769821957132,-3.098959419834302,-1.398731983876395
72.5,3.5,-0.3250907220535153,-3.6651914291880923,0.032240611989725394,-0.9481792334348895,98.35903573036194,1.1818629223646975,0.25,490.7489806041414,-3.189240735531286,-1.4417848420717505
72.7,3.5,-0.4179415644242284,-3.6651914291880923,0.04915821766598544,-0.9551212664224406,98.2799875736236,1.1818629223646975,0.25,536.2717851415691,-3.1791550506355084,-1.4638897376574296
72.8,3.400000095367432,-0.4677893120106621,-3.6477381366681487,0.05280231659107072,-0.9618368549416535,98.25227761268616,1.1818629223646975,0.25,535.8672577539982,-3.053053823218194,-1.4962830618005791
73.0,3.400000095367432,-0.4477521204412832,-3.7000980142279785,0.04765690137651942,-0.9736737846573627,98.16879677772522,1.1818629223646975,0.25,557.8380937636686,-3.1111646494655925,-1.3713698160650118
73.1,3.400000095367432,-0.3966010873351906,-3.7000980142279785,0.04693328102861999,-0.9767811098524782,98.14529824256897,1.1818629223646975,0.25,588.4384148818572,-3.106888344475594,-1.3810305802045988
73.3,3.400000095367432,-0.2983592060110553,-3.7000980142279785,0.0427828336112957,-0.9768238856921513,98.06657814979553,1.1818629223646975,0.25,561.4547702666387,-3.10682926689048,-1.3811634786987779
73.4,3.400000095367432,-0.20814591942694244,-3.717551306747922,0.041710149456847735,-0.9728362506238953,98.05825448036194,1.1818629223646975,0.25,569.8836882406395,-3.135726326000972,-1.3142378235779826
73.6,3.400000095367432,-0.09597113548261517,-3.717551306747922,0.047282210580839555,-0.9639775514366942,98.00545907020569,1.1818629223646975,0.25,565.4876871612033,-3.1472455715754197,-1.2864081625586246
73.7,3.400000095367432,-0.051308065912864624,-3.7000980142279785,0.04915427977959356,-0.9630686601853569,97.97994637489319,1.1818629223646975,0.25,546.7703753029165,-3.125532971820352,-1.3382990288281558
73.91,3.2999999523162837,0.0677665209704269,-3.7000980142279785,0.05411826335473977,-0.9656930072782868,98.02151894569397,1.1818629223646975,0.25,502.68663852964534,-3.030186097783739,-1.3068939888474622
74.01,3.2999999523162837,0.04125048899825234,-3.7000980142279785,0.05570113734750487,-0.9675117718677564,98.0040934085846,1.1818629223646975,0.25,548.1549612482595,-3.0278041548031442,-1.3124030194434533
74.2,3.2000000476837163,0.04244050129414412,-3.6651914291880923,0.05364437458377333,-0.9726092759246145,97.99921822547913,1.1818629223646975,0.25,565.560303729635,-2.882806634055862,-1.3890378741486131
74.3,3.2000000476837163,0.08202239234957293,-3.6302848441482056,0.05471921614974202,-0.9743527224963666,98.02614998817444,1.1818629223646975,0.25,467.91453813936096,-2.8299738361758195,-1.4937363862931443
74.4,3.2000000476837163,0.0819238301074034,-3.6477381366681487,0.05683595438676928,-0.9739239520391625,98.05562233924866,1.1818629223646975,0.25,481.08165050818207,-2.8562310450408335,-1.4428944945909021
74.6,3.2000000476837163,-0.02621444272401173,-3.6651914291880923,0.04084540511647619,-0.9700314474763561,98.00975441932678,1.1818629223646975,0.25,492.34571372185746,-2.8863777530304966,-1.3816018862126707
74.8,3.2000000476837163,-0.03376670030810094,-3.6302848441482056,0.03694649041976815,-0.9684543145177025,98.02306008338928,1.1818629223646975,0.25,510.53976623661583,-2.8387352227321307,-1.4770181584515973
74.91,3.2000000476837163,-0.039689219247941686,-3.612831551628262,0.03387944594350971,-0.9668583353720006,98.033611536026,1.1818629223646975,0.25,475.27200979758345,-2.81495776576206,-1.5218452885072309
75.0,3.2000000476837163,-0.011849188300572423,-3.595378259108319,0.03302819408910144,-0.9659843635942842,98.0674479007721,1.1818629223646975,0.25,458.8596023440004,-2.789340890171334,-1.5683040851805419
75.2,3.0999999046325684,-0.0520986792251702,-3.5604716740684323,0.030725538437700234,-0.9691882476899668,98.11195015907288,1.1818629223646975,0.25,495.74569114200136,-2.6423247604953297,-1.6211475160500453
75.4,3.0,-0.09758996490063276,-3.543018381548489,0.023321612692827655,-0.9711024619648134,98.11795449256897,1.1818629223646975,0.25,477.0580299480389,-2.526226127580269,-1.6180795877616154
75.5,3.0,-0.06619030089500236,-3.5255650890285457,0.01943074043690608,-0.9694144993609531,98.14206337928772,1.1818629223646975,0.25,473.53141413667623,-2.5004036910239367,-1.6577036471920654
75.7,3.0,-0.08874650720307495,-3.543018381548489,0.0187263192584822,-0.9617852806548323,98.15538430213928,1.1818629223646975,0.25,504.9778167748738,-2.5411922004664076,-1.5944723893152548
75.8,3.0,-0.11475855022003237,-3.5779249665883754,0.02174607168217006,-0.9579512511296001,98.15191292762756,1.1818629223646975,0.25,480.3258447427652,-2.601040873702856,-1.4948532949179603
76.0,2.900000095367432,-0.1499937487943451,-3.5779249665883754,0.023113400120307857,-0.9550587247795216,98.14617562294006,1.1818629223646975,0.25,504.9606896805526,-2.518508842334014,-1.4377460708402232
76.1,2.799999952316284,-0.09815600726169567,-3.612831551628262,0.03474236594581531,-0.9556779472228141,98.19542336463928,1.1818629223646975,0.25,515.8546812670828,-2.4778216814272755,-1.3039936533664964
76.3,2.700000047683716,-0.10354667165265097,-3.612831551628262,0.03500395613651508,-0.9561347528006179,98.1985895633697,1.1818629223646975,0.25,522.4915038463078,-2.3887534859532225,-1.2585138222675165
76.4,2.5999999046325684,-0.1048072224533614,-3.6651914291880923,0.035641993190479955,-0.9542464069985312,98.20201516151428,1.1818629223646975,0.25,506.82866585108786,-2.3626084225104043,-1.0853943734754965
76.6,2.5999999046325684,-0.10612568228354714,-3.6826447217080354,0.04329429171762519,-0.949678763320377,98.22059273719793,1.1818629223646975,0.25,521.8402216289213,-2.3859350742709418,-1.0331085738938963
76.7,2.5999999046325684,-0.11787168077863736,-3.7699111843077517,0.043087376760140114,-0.9501888457002252,98.22732186317444,1.1818629223646975,0.25,509.68583158059124,-2.466478000554769,-0.8224875542333232
76.9,2.5,-0.11412070592322453,-3.7873644768276953,0.04146116735318569,-0.9519931076278879,98.23312783241272,1.1818629223646975,0.25,516.7265596456381,-2.3836987448583917,-0.7536446734108371
77.0,2.5,-0.1071045430016416,-3.839724354387525,0.04042575159481789,-0.9554037840613504,98.23141884803772,1.1818629223646975,0.25,487.956278571859,-2.417719189742981,-0.6361084180770953
77.2,2.5,-0.10763099308031092,-3.857177646907468,0.04071633117477388,-0.9623900691943391,98.2335016727447,1.1818629223646975,0.25,511.5731810242869,-2.4242447803538045,-0.6107677503989007
77.31,2.400000095367432,-0.12440072527070535,-3.857177646907468,0.04176496698554713,-0.9654454341820536,98.2378351688385,1.1818629223646975,0.25,520.1154634145205,-2.325472747824226,-0.5934449906187825
77.5,2.400000095367432,-0.13247323561933236,-3.8746309394274117,0.040915982342435604,-0.9682050705430941,98.24128365516663,1.1818629223646975,0.25,475.44714252246195,-2.3339412763211613,-0.5592124609198473
77.6,2.5,-0.185105709584922,-3.8920842319473548,0.044014614288779605,-0.9664820963256153,98.23121285438543,1.1818629223646975,0.25,495.93455502037614,-2.441911476279731,-0.5357875903875954
77.81,2.5,-0.21708474270685751,-3.8746309394274117,0.04328073033057388,-0.9626883876960513,98.22792458534241,1.1818629223646975,0.25,530.1176603812382,-2.4343652607829793,-0.5690920638113108
77.9,2.5999999046325684,-0.21148254175128306,-3.8920842319473548,0.04355227957483475,-0.9598435066787844,98.22309517860413,1.1818629223646975,0.25,554.0557219268776,-2.5432310030609693,-0.5403476373214375
78.1,2.5999999046325684,-0.1823158211329676,-3.8920842319473548,0.045943220046698166,-0.9539940795392092,98.22152352333069,1.1818629223646975,0.25,514.4924510004421,-2.5463481999562054,-0.5254620335182725
78.3,2.5999999046325684,-0.1847934925476448,-3.822271061867582,0.043645204085875675,-0.9519732914659718,98.20905709266663,1.1818629223646975,0.25,515.503409994668,-2.5049041344158716,-0.6967458514233416
78.4,2.5999999046325684,-0.19725510016774456,-3.8048177693476384,0.041559758783681504,-0.9505280016889639,98.20666909217834,1.1818629223646975,0.25,488.47558782683336,-2.4934301595749075,-0.7367533803190968
78.5,2.5999999046325684,-0.21135915703551544,-3.7524578917878086,0.03930287000330634,-0.9492608388315208,98.19231057167053,1.1818629223646975,0.25,562.8369989458115,-2.4525500058999663,-0.8631326506681569
78.71,2.5999999046325684,-0.17783918004836766,-3.735004599267865,0.03685597592535119,-0.9485349537169547,98.17665505409241,1.1818629223646975,0.25,522.8323809268222,-2.437769596406147,-0.9040347885602498
78.8,2.700000047683716,-0.17713843986607275,-3.6651914291880923,0.036954283878772684,-0.9483689904950474,98.17269539833069,1.1818629223646975,0.25,516.3283659667869,-2.4600603694477554,-1.1127008745231761
78.9,2.700000047683716,-0.17299346224060802,-3.6651914291880923,0.03606096608491114,-0.9484371571106963,98.16888070106512,1.1818629223646975,0.25,524.4438980363594,-2.4599845146794026,-1.1128685659275372
79.1,2.700000047683716,-0.18118237712178165,-3.6302848441482056,0.03541036202609854,-0.9492767239274006,98.1562922000885,1.1818629223646975,0.25,520.9633129137509,-2.4186407160510384,-1.2000738911217874
79.3,2.700000047683716,-0.17317859598941274,-3.6477381366681487,0.03161899518446102,-0.9523561534446748,98.1340143680572,1.1818629223646975,0.25,511.4467342576754,-2.4356399688905435,-1.165185907670934
79.4,2.700000047683716,-0.16642454353309633,-3.6477381366681487,0.031640057666216435,-0.9535712451676989,98.12899422645569,1.1818629223646975,0.25,563.7591440184623,-2.4342223634392113,-1.1681445727411006
79.6,2.700000047683716,-0.14116253105014964,-3.612831551628262,0.033159599050167826,-0.9537699449757225,98.12106728553772,1.1818629223646975,0.25,537.8697504613956,-2.391722947184823,-1.2528613655954162
79.7,2.700000047683716,-0.14026390568729633,-3.6302848441482056,0.03454041048496671,-0.951864099548479,98.113933801651,1.1818629223646975,0.25,543.629338752362,-2.4155275817802497,-1.2063277992116928
79.9,2.700000047683716,-0.14313899883917516,-3.6477381366681487,0.03580011999025498,-0.9491891531311089,98.1126520633697,1.1818629223646975,0.25,541.1928721630649,-2.439317892265404,-1.1574664046813343
80.0,2.700000047683716,-0.14115625584398886,-3.6651914291880923,0.035816430128899686,-0.944478642920057,98.10215401649481,1.1818629223646975,0.25,511.42899378299256,-2.4643705354348215,-1.1031219885274508
80.21,2.700000047683716,-0.1405800611128607,-3.7000980142279785,0.035073716512864936,-0.9433975543233566,98.09169411659241,1.1818629223646975,0.25,522.6680142246915,-2.502465114516708,-1.0137399114757926
80.3,2.5999999046325684,-0.13806405190801946,-3.735004599267865,0.03693245029911312,-0.9430117081829341,98.09120583534241,1.1818629223646975,0.25,536.3836039968955,-2.4427255936282184,-0.8905566676652492
80.5,2.5999999046325684,-0.147773452038744,-3.735004599267865,0.035864665164204446,-0.9439988338949657,98.070965051651,1.1818629223646975,0.25,521.988113763673,-2.441845312269527,-0.8929675106277388
80.62,2.5999999046325684,-0.12469624872159472,-3.7524578917878086,0.03598997574695727,-0.9446224554326239,98.07123970985413,1.1818629223646975,0.25,529.2307019312867,-2.456527148932568,-0.8517475392665328
80.8,2.5999999046325684,-0.12085800957899548,-3.7699111843077517,0.034033132277956984,-0.9450928865922721,98.0668375492096,1.1818629223646975,0.25,486.1356449558371,-2.4706373196904936,-0.8099078581184024
80.9,2.5999999046325684,-0.13920016989378345,-3.7699111843077517,0.03209021537782682,-0.9448210140882608,98.06746315956116,1.1818629223646975,0.25,524.4828129951492,-2.47085742005703,-0.8092361298400376
81.1,2.5999999046325684,-0.16746810284160493,-3.7873644768276953,0.03456538734636369,-0.9442964668083138,98.05883431434631,1.1818629223646975,0.25,553.3868792610302,-2.4850056707263297,-0.764687073610734
81.2,2.5999999046325684,-0.14969393413828902,-3.7873644768276953,0.033936828583900264,-0.9445801035912598,98.06215310096741,1.1818629223646975,0.25,472.9183802843907,-2.484788677388584,-0.7653918818558603
81.41,2.5999999046325684,-0.16681671912283974,-3.7873644768276953,0.035245864052186826,-0.9436784430286693,98.05651497840881,1.1818629223646975,0.25,491.7702450262659,-2.4854777909135652,-0.7631511350740349
81.5,2.5999999046325684,-0.1845298518942884,-3.7873644768276953,0.03646160482086455,-0.9432840758364903,98.05846810340881,1.1818629223646975,0.25,512.5827244321881,-2.485778559398548,-0.7621708848570922
81.71,2.5999999046325684,-0.19502859229072309,-3.7699111843077517,0.03918930639948012,-0.942035133452002,98.05284523963928,1.1818629223646975,0.25,509.9621010236879,-2.473102264087393,-0.8023494846107729
81.8,2.5999999046325684,-0.20559953994634872,-3.7873644768276953,0.0394110033356732,-0.9410539922837079,98.04754281044006,1.1818629223646975,0.25,506.4384026278787,-2.487472081519726,-0.756625500329778
82.01,2.5999999046325684,-0.21956883643325856,-3.7873644768276953,0.0385226542681939,-0.9400824670417341,98.04158425331116,1.1818629223646975,0.25,513.889023387339,-2.488205988262163,-0.7542085017193045
82.1,2.5999999046325684,-0.2156740900464856,-3.7873644768276953,0.036419542886303925,-0.9381433931013303,98.03630471229553,1.1818629223646975,0.25,512.4281096177947,-2.489663775561568,-0.7493822714382056
82.3,2.5999999046325684,-0.19103269699010167,-3.7873644768276953,0.03384829194783864,-0.9376831901221309,98.02890419960022,1.1818629223646975,0.25,499.17533477805046,-2.4900083798643347,-0.7482364414373007
82.4,2.5999999046325684,-0.18828148845228387,-3.717551306747922,0.032794410854037795,-0.9390482867988504,98.02312874794006,1.1818629223646975,0.25,512.8752561625297,-2.4304902071943912,-0.9234266927166067
82.61,2.5999999046325684,-0.16348251024101362,-3.717551306747922,0.035419580409400166,-0.9424168487842766,98.01356148719793,1.1818629223646975,0.25,514.6317980069543,-2.4273658033956145,-0.9316086949974901
82.7,2.5999999046325684,-0.19377994654143255,-3.7000980142279785,0.037252039432531116,-0.9425829215174906,98.002605676651,1.1818629223646975,0.25,509.0997514776245,-2.410575530357582,-0.9742305253535358
82.9,2.5999999046325684,-0.1910971699743977,-3.6826447217080354,0.03617806592224773,-0.9422477338031937,97.99773049354553,1.1818629223646975,0.25,518.5114264074654,-2.3935461883209177,-1.0153502590061076
83.0,2.5999999046325684,-0.1898895377308381,-3.6651914291880923,0.03617826829460961,-0.9417045778782941,97.98963570594793,1.1818629223646975,0.25,515.2506761957629,-2.376035082658967,-1.0556783554014733
83.2,2.5999999046325684,-0.18974307661740464,-3.6477381366681487,0.0334727771355312,-0.9385197536886536,97.9774820804596,1.1818629223646975,0.25,513.5611926503697,-2.3607308171567296,-1.0894721258554003
83.3,2.5999999046325684,-0.1962714464797155,-3.6302848441482056,0.0343492539590173,-0.9371560679724994,97.97136330604553,1.1818629223646975,0.25,513.3968718123068,-2.3428968342995944,-1.1273127019236073
83.5,2.5999999046325684,-0.2065374030369619,-3.6302848441482056,0.03546787251787612,-0.9356673961291182,97.9641764163971,1.1818629223646975,0.25,494.58865265309583,-2.3445724362600453,-1.1238236495193545
83.6,2.5999999046325684,-0.20700143970801352,-3.6302848441482056,0.032793215481468053,-0.932471487137241,97.9501383304596,1.1818629223646975,0.25,501.9672421829237,-2.348152094725791,-1.116324882874267
83.8,2.5999999046325684,-0.1990247981835913,-3.6302848441482056,0.03158952546470778,-0.9303087971339137,97.93283486366272,1.1818629223646975,0.25,530.5922388728505,-2.3505608660891557,-1.1112439511194478
83.9,2.5999999046325684,-0.19035460576445776,-3.6302848441482056,0.03054716670196126,-0.9301912370080628,97.92541146278381,1.1818629223646975,0.25,509.24506056062825,-2.3506914878247738,-1.110967611209938
84.1,2.5999999046325684,-0.17399312954354212,-3.6302848441482056,0.033376641216699816,-0.9324555261858994,97.91252541542053,1.1818629223646975,0.25,528.8260732603376,-2.3481699120338284,-1.116287403990749
84.2,2.5999999046325684,-0.1845481853935708,-3.6302848441482056,0.0363575385360348,-0.9342460699181441,97.905193567276,1.1818629223646975,0.25,514.9835635721028,-2.3461673875168723,-1.120490113227966
84.4,2.5999999046325684,-0.1900241840048348,-3.6477381366681487,0.03719565290733241,-0.9341908567486028,97.89390969276428,1.1818629223646975,0.25,518.774068974104,-2.3654248957343738,-1.0792425893789555
84.5,2.5999999046325684,-0.18816481125080664,-3.6651914291880923,0.037476077355954686,-0.9326398239058903,97.88197731971741,1.1818629223646975,0.25,541.8362461618852,-2.3855067977185254,-1.0340971047866208
84.7,2.5,-0.1698979799672434,-3.6826447217080354,0.03632566529116887,-0.9270409905500189,97.87029671669006,1.1818629223646975,0.25,545.1944751146766,-2.3160664517239025,-0.9411887117890078
84.8,2.5,-0.1482139354222358,-3.7000980142279785,0.03736216605967939,-0.9254779265317101,97.86767220497131,1.1818629223646975,0.25,529.0951209538617,-2.333544595681321,-0.8969780487651308
84.9,2.5,-0.12117843633604004,-3.717551306747922,0.03832593534559631,-0.9247143164100391,97.86790108680725,1.1818629223646975,0.25,561.9966676164331,-2.3494966645747586,-0.8543216157584242
85.11,2.5,-0.09283727714032004,-3.735004599267865,0.03419383742864233,-0.921607928108992,97.85975289344793,1.1818629223646975,0.25,534.2081725668322,-2.3665634577260724,-0.8058395625405945
85.3,2.400000095367432,-0.07523988009328532,-3.7524578917878086,0.032073255365288336,-0.9208863493486651,97.8648111820221,1.1818629223646975,0.25,497.6066613418806,-2.2855852017041878,-0.7321890080535965
85.4,2.400000095367432,-0.06058357263243853,-3.7524578917878086,0.03251086416960292,-0.9212252664151761,97.87044167518616,1.1818629223646975,0.25,495.9302475002478,-2.2853369190915807,-0.7329635898192258
85.6,2.400000095367432,-0.09174779952714272,-3.7699111843077517,0.0368030353788906,-0.9250777038155491,97.86986184120178,1.1818629223646975,0.25,509.9677749712173,-2.2950941720615456,-0.7018142198137705
85.7,2.400000095367432,-0.10057700640678677,-3.7873644768276953,0.039258117795412224,-0.9278838349802022,97.8758127689361,1.1818629223646975,0.25,511.96169569635094,-2.305127201033835,-0.6681235251191205
85.9,2.400000095367432,-0.10431946149068902,-3.7873644768276953,0.04233441437331778,-0.9346958419423547,97.88534188270569,1.1818629223646975,0.25,518.1024520203573,-2.3005224914203555,-0.683810444664868
86.0,2.400000095367432,-0.0875810911645645,-3.7524578917878086,0.03733036907639964,-0.9448120509139795,97.89940285682678,1.1818629223646975,0.25,529.7426129469096,-2.267414589233802,-0.7866584635617881
86.2,2.400000095367432,-0.043599317347167064,-3.7524578917878086,0.03452909152760768,-0.947937801544681,97.91133522987366,1.1818629223646975,0.25,529.1329519859829,-2.2649446183785695,-0.7937419816550203
86.3,2.400000095367432,-0.02762300403101749,-3.7000980142279785,0.031065483155362655,-0.9483637060637444,97.92213845252991,1.1818629223646975,0.25,472.7316549704701,-2.2199110626249294,-0.9121377811488462
86.5,2.400000095367432,-0.0621505903276102,-3.6826447217080354,0.03118509088189948,-0.9404842368317794,97.94240212440491,1.1818629223646975,0.25,482.7049838610438,-2.21107681446674,-0.9333486906249434
86.6,2.5,-0.10770403509931024,-3.612831551628262,0.03351385604281035,-0.9348930469639147,97.94575905799866,1.1818629223646975,0.25,477.6210760295908,-2.2360606655939397,-1.1180486124420475
86.8,2.5,-0.15377799438454204,-3.612831551628262,0.029684352127111756,-0.9298283870145633,97.95809578895569,1.1818629223646975,0.25,495.09477708271515,-2.241694499125508,-1.1067094345809285
86.9,2.5999999046325684,-0.1691282899950778,-3.595378259108319,0.0293426283691456,-0.928866163766387,97.95263314247131,1.1818629223646975,0.25,454.9939438948059,-2.3120651937133965,-1.1892661788297854
87.1,2.5999999046325684,-0.2118169717885614,-3.595378259108319,0.03029706620303651,-0.9295706574686406,97.95396828651428,1.1818629223646975,0.25,492.76514468566535,-2.311226789497306,-1.1908947189400663
87.2,2.700000047683716,-0.19468261179863436,-3.543018381548489,0.03128566939200136,-0.9308665528401571,97.96653389930725,1.1818629223646975,0.25,569.3605442158878,-2.3303420078009083,-1.3636371893471142
87.4,2.700000047683716,-0.1991643039591869,-3.5255650890285457,0.03258231212080998,-0.9338820153181763,97.94976449012756,1.1818629223646975,0.25,530.9344268828683,-2.3019438466988014,-1.4110474067647736
87.5,2.799999952316284,-0.14681831271076196,-3.543018381548489,0.030071641235667752,-0.9351031008300759,97.9610025882721,1.1818629223646975,0.25,483.69390216374086,-2.410638136352004,-1.424367757475762
87.7,2.799999952316284,-0.1411372204993976,-3.5604716740684323,0.03179147846423903,-0.9348219086318812,97.96174263954163,1.1818629223646975,0.25,508.0833625654923,-2.435518163170202,-1.3813945887541477
87.81,2.799999952316284,-0.1593315373533084,-3.612831551628262,0.032911651915369405,-0.934302481384479,97.95864510536194,1.1818629223646975,0.25,483.33261672014487,-2.505126980785205,-1.2507352010370536
88.01,2.799999952316284,-0.22189220006139404,-3.595378259108319,0.029942337123213418,-0.9328170648848502,97.94505715370178,1.1818629223646975,0.25,478.15121199514397,-2.484836881686757,-1.2905756097108094
88.1,2.799999952316284,-0.24560636590234045,-3.6302848441482056,0.03244160818410222,-0.9311843364095742,97.93315529823303,1.1818629223646975,0.25,526.4086378120192,-2.530324540934626,-1.1989401363350747
88.31,2.799999952316284,-0.2515948047412749,-3.6302848441482056,0.03737772365505388,-0.929394615332242,97.917644739151,1.1818629223646975,0.25,526.8678105227082,-2.532466255779438,-1.1944096434262699
88.41,2.799999952316284,-0.2454081829819455,-3.6302848441482056,0.03734125471458117,-0.9289323422452366,97.90674996376038,1.1818629223646975,0.25,523.4309961885446,-2.533018128603323,-1.1932388248536472
88.6,2.700000047683716,-0.2197260334101669,-3.6302848441482056,0.03214356634094654,-0.9297157875764359,97.8845865726471,1.1818629223646975,0.25,526.6875882083768,-2.4416510802933318,-1.1525364461024536
88.7,2.700000047683716,-0.20780766311463514,-3.6302848441482056,0.031608052611158316,-0.9296126712874445,97.87070107460022,1.1818629223646975,0.25,525.6795010880596,-2.4417699125933705,-1.1522846659770456
88.9,2.700000047683716,-0.21328167097623432,-3.6302848441482056,0.033406427896152294,-0.9276404741758664,97.85319924354553,1.1818629223646975,0.25,535.9082303748437,-2.444037694904616,-1.1474667765898057
89.0,2.5999999046325684,-0.22926316781462924,-3.612831551628262,0.03355332534248176,-0.9269040884577794,97.83582711219793,1.1818629223646975,0.25,504.1448146489419,-2.3347180230700113,-1.1441552590629576
89.2,2.5,-0.23752095312384516,-3.612831551628262,0.0357489579919925,-0.9263058657193832,97.80900979042053,1.1818629223646975,0.25,562.0195149105456,-2.24557899098094,-1.098806168195749
89.3,2.5,-0.21888312336011226,-3.595378259108319,0.03335736067477725,-0.9257843554462568,97.79964852333069,1.1818629223646975,0.25,511.9676629302521,-2.2266532536506083,-1.1366685040094842
89.5,2.5,-0.18523323445326575,-3.5779249665883754,0.03259910461475394,-0.9246481379547168,97.792888879776,1.1818629223646975,0.25,559.4923399272302,-2.2078105581675054,-1.172848046101492
89.6,2.5999999046325684,-0.16938996351880664,-3.5081117965086026,0.03598205667147663,-0.9223852101576931,97.75588631629944,1.1818629223646975,0.25,522.4610796975029,-2.208553677452144,-1.3719658005584454
89.8,2.5999999046325684,-0.1462734565680936,-3.4557519189487724,0.03433576856883409,-0.9222271878323156,97.7534601688385,1.1818629223646975,0.25,491.7406219916156,-2.1339585320456087,-1.4853351431912982
89.9,2.700000047683716,-0.11895200870592736,-3.4033920413889427,0.03182574105080297,-0.9213055464356706,97.75354409217834,1.1818629223646975,0.25,515.415306751558,-2.1337963152469586,-1.654361974457395
90.1,2.700000047683716,-0.12835006677209276,-3.385938748868999,0.026947962986581576,-0.9141248048649335,97.73704934120178,1.1818629223646975,0.25,522.4659925957566,-2.1166895127049603,-1.6761938325554435
90.2,2.700000047683716,-0.11532488520074105,-3.2986722862692828,0.019760944046770125,-0.9116353929364569,97.73015999794006,1.1818629223646975,0.25,502.38766199287056,-1.9671549749281199,-1.849405732149551
90.4,2.799999952316284,-0.07149110193131797,-3.2288591161895095,0.013989943775395926,-0.9096323387613973,97.7287027835846,1.1818629223646975,0.25,482.4984903305376,-1.9053705650056887,-2.0517218970857374
90.5,2.799999952316284,-0.06449213959016807,-3.141592653589793,0.017774735919870728,-0.9081457955584047,97.72613167762756,1.1818629223646975,0.25,499.81511916983436,-1.7225840364948417,-2.2074202069801596
90.71,2.900000095367432,-0.13411004880562433,-3.1066860685499065,0.021062933939480517,-0.9144651221029004,97.72486519813538,1.1818629223646975,0.25,523.0957296940431,-1.6883627650600253,-2.357844720648495
90.81,2.900000095367432,-0.15636026777561135,-3.01941960595019,0.015623206571539539,-0.919662124872681,97.71673226356512,1.1818629223646975,0.25,505.76860966764804,-1.4634466090610734,-2.50366223272205
90.92,3.0,-0.16195948019998668,-3.001966313430247,0.010318833264238202,-0.9246440939310339,97.7063639163971,1.1818629223646975,0.25,519.3051160467838,-1.4554268967456125,-2.6233056528413607
91.1,3.0,-0.15645794442769612,-2.9321531433504737,0.010364481597205964,-0.9262405187728745,97.689861536026,1.1818629223646975,0.25,483.28113789800403,-1.264547596475114,-2.7204630812141177
91.31,3.0,-0.08825822819593472,-2.91469985083053,0.004154899023032959,-0.9222537516349587,97.6842844486236,1.1818629223646975,0.25,532.996018461701,-1.227798859195956,-2.737244958230284
91.41,3.0,-0.04559932834169346,-2.8448866807507573,0.005366700906563176,-0.9192773153388931,97.67813515663147,1.1818629223646975,0.25,548.942752593448,-1.0422451664325796,-2.813134375220623
91.6,3.0,0.00522080172893169,-2.8448866807507573,0.0009844653874177245,-0.9140873200104793,97.68336892127991,1.1818629223646975,0.25,549.8795806439812,-1.0568312181999429,-2.8076872646785334
91.7,3.0999999046325684,0.030255917425574357,-2.827433388230814,-0.0004989806348959523,-0.9140716324894144,97.68110299110413,1.1818629223646975,0.25,532.0253829258037,-1.0413041107441607,-2.919877592925643
91.9,3.0999999046325684,0.03133751900846704,-2.827433388230814,0.0015236909302309327,-0.9172333625864637,97.6858561038971,1.1818629223646975,0.25,515.7770338856426,-1.0320670565467065,-2.9231553156671217
92.0,3.0999999046325684,0.01234767184200834,-2.775073510670984,0.0029983403029611396,-0.919080901857868,97.68386483192444,1.1818629223646975,0.25,509.979423351524,-0.8721719848013315,-2.9747798973452872
92.2,3.0999999046325684,0.009016182201624236,-2.7401669256310974,0.0037073291625197504,-0.9213443532357806,97.68542122840881,1.1818629223646975,0.25,511.96620574970075,-0.7610223352354406,-3.005136338669966
92.3,3.2999999523162837,-0.011296652549582785,-2.705260340591211,0.0016823261541145454,-0.9201978411938232,97.68529915809631,1.1818629223646975,0.25,521.7847171352115,-0.7016804381526602,-3.224537834791424
92.41,3.400000095367432,-0.016952317194766746,-2.705260340591211,-0.0010420758190539921,-0.9178379278081552,97.68301033973694,1.1818629223646975,0.25,518.3940030370504,-0.7307817172562162,-3.3205359100938217
92.6,3.400000095367432,-0.02089086092921701,-2.705260340591211,0.008475092734825414,-0.911059116998991,97.68456673622131,1.1818629223646975,0.25,501.18163836908207,-0.7532740391067485,-3.3155058242304976
92.8,3.400000095367432,-0.09784146653815837,-2.7401669256310974,0.0136228407707864,-0.908270387040829,97.68188881874084,1.1818629223646975,0.25,507.1995645795433,-0.8776883657239859,-3.2847623629680283
92.9,3.5,-0.124790861780627,-2.775073510670984,0.012050070169907794,-0.9088033100370632,97.67372536659241,1.1818629223646975,0.25,501.6116366753303,-1.0191762733855267,-3.3483249131122252
93.11,3.5,-0.12418855277650542,-2.792526803190927,0.01662184831081922,-0.9178710593665718,97.6648752689361,1.1818629223646975,0.25,550.6944700167442,-1.0472176348355522,-3.3396609446603156
93.2,3.5999999046325684,-0.11584444191697182,-2.827433388230814,0.02252331852951197,-0.9232296740088789,97.66674447059631,1.1818629223646975,0.25,548.4277287669101,-1.1781527945746149,-3.401757678905205
93.4,3.5999999046325684,-0.1482772299928101,-2.827433388230814,0.026999930312645932,-0.9279082380964789,97.6546061038971,1.1818629223646975,0.25,581.9086483514076,-1.1622246170777157,-3.4072324917464996
93.5,3.5,-0.12874046439338432,-2.8623399732707004,0.023140155438111435,-0.9293242077084465,97.6526529788971,1.1818629223646975,0.25,557.1606945796958,-1.240226853696365,-3.272894338558826
93.7,3.5,-0.04785151004006464,-2.897246558310587,0.02032139997079823,-0.930041352187561,97.6477701663971,1.1818629223646975,0.25,498.38299367941363,-1.351378690363821,-3.228587250676457
93.8,3.5,-0.04329145893318965,-2.9670597283903604,0.024027117841078388,-0.9306218217390599,97.65005898475647,1.1818629223646975,0.25,510.2731163141434,-1.571486584594694,-3.1273678892063375
94.0,3.400000095367432,-0.05365507650604338,-2.9845130209103035,0.023896911978542264,-0.9321385930820822,97.6524088382721,1.1818629223646975,0.25,506.58090927697054,-1.5748064938649253,-3.0133013714826813
94.1,3.2999999523162837,-0.028953363245547713,-3.001966313430247,0.026604862615556533,-0.93428422470138,97.65549111366272,1.1818629223646975,0.25,556.1889038927183,-1.5730776938785678,-2.9009354102270466
94.3,3.2999999523162837,-0.012263411581429164,-3.001966313430247,0.03646985293191758,-0.9301651232127799,97.66889595985413,1.1818629223646975,0.25,566.4944321200747,-1.5850135622712769,-2.8944311518333947
94.4,3.2999999523162837,0.03254708460835923,-2.9845130209103035,0.03245541098930366,-0.9267322582425449,97.68286538124084,1.1818629223646975,0.25,587.313689251234,-1.5442779471198673,-2.916368513635875
94.6,3.2000000476837163,0.1576671570670738,-3.001966313430247,0.011482261722314771,-0.9179277688655604,97.70925545692444,1.1818629223646975,0.25,573.1497013409788,-1.5712137956531316,-2.7877029098390427
94.7,3.2000000476837163,0.19958729009774676,-2.9845130209103035,0.006889003018283165,-0.9131331062973721,97.71908974647522,1.1818629223646975,0.25,560.5625658792633,-1.5358003538530782,-2.8073684436284
94.9,3.0999999046325684,0.26026566935805084,-2.949606435870417,0.016820000711897935,-0.9036479096942153,97.7725641727447,1.1818629223646975,0.25,517.669739692752,-1.41819627643499,-2.7565773579255604
95.0,3.0,0.227362389196686,-2.792526803190927,0.01367295474983654,-0.9056046456240877,97.79576516151428,1.1818629223646975,0.25,523.7375729632113,-0.9326601314319759,-2.8513409265181338
95.2,3.0,0.24881464072593,-2.775073510670984,0.005038869603384745,-0.9115049658344169,97.85598397254944,1.1818629223646975,0.25,551.1499628587771,-0.865822751591962,-2.8723424174053003
95.3,3.0,0.2433739099964867,-2.705260340591211,0.0032045964095032053,-0.9124732903757485,97.88109993934631,1.1818629223646975,0.25,501.37474530805775,-0.66051579385951,-2.9263832431966494
95.5,3.0,0.2359271742314058,-2.652900463031381,-0.006303312267149077,-0.9143012135349493,97.949138879776,1.1818629223646975,0.25,532.5424944598491,-0.5010496096740551,-2.9578622835834456
95.6,3.0999999046325684,0.2310557955160054,-2.548180707911721,-0.01233134302411639,-0.9149517925347029,97.9695627689361,1.1818629223646975,0.25,505.85024099718424,-0.1934153115482258,-3.093960233419401
95.81,3.0,0.240749673209987,-2.4958208303518914,-0.0137896558880572,-0.9140423156892555,98.03835701942444,1.1818629223646975,0.25,514.18194342676,-0.032945901334881664,-2.9998190891427488
95.91,3.0,0.21185121508470411,-2.443460952792061,-0.013398871594547786,-0.9117978155986913,98.0546305179596,1.1818629223646975,0.25,473.05936443612154,0.11736960668786471,-2.997703183343197
96.1,3.0,0.14787129281630795,-2.4085543677521746,-0.01928688504353924,-0.909278095584665,98.10067391395569,1.1818629223646975,0.25,519.7295078941969,0.2143772938914667,-2.992330592675845
96.2,3.0,0.1599776849453568,-2.303834612632515,-0.020441969219569367,-0.9080398660499767,98.13229012489319,1.1818629223646975,0.25,515.9224738118936,0.5223290810112744,-2.95417879132762
96.4,3.0,0.09740091240529264,-2.2689280275926285,-0.02098125190856997,-0.9077145558311378,98.14015603065491,1.1818629223646975,0.25,487.1981189989311,0.6241557031429078,-2.9343533628781286
96.5,3.0,0.11140830300395548,-2.251474735072685,-0.022315968309356417,-0.909580259720764,98.17850136756897,1.1818629223646975,0.25,536.8966078084776,0.6807244678227318,-2.9217484831702163
96.7,2.900000095367432,0.1212220173535137,-2.251474735072685,-0.02443428213460996,-0.9131944679197735,98.227703332901,1.1818629223646975,0.25,514.9838487762463,0.668237167948548,-2.8219602478602033
96.8,2.799999952316284,0.08962839340394455,-2.251474735072685,-0.023473708376651362,-0.9150181899230175,98.22768044471741,1.1818629223646975,0.25,516.9095830108016,0.650162405310649,-2.7234699520449763
97.0,2.799999952316284,0.05643802802304448,-2.251474735072685,-0.02244711579520223,-0.9173682123635362,98.22468209266663,1.1818629223646975,0.25,540.5089979669139,0.6565608196286549,-2.7219345368872747
97.1,2.5999999046325684,0.049426870826860266,-2.2689280275926285,-0.01808050709064435,-0.9241618418630301,98.25959420204163,1.1818629223646975,0.25,536.1303969138426,0.5826870680658169,-2.5338656801018926
97.3,2.5,0.06098840355522639,-2.303834612632515,-0.01082678630714815,-0.9319760410010999,98.29623818397522,1.1818629223646975,0.25,491.568549196796,0.49407037060857595,-2.450692650841126
97.4,2.400000095367432,0.026271507199643062,-2.3736477827122884,-0.011249893246688528,-0.9341845060097665,98.29465889930725,1.1818629223646975,0.25,563.0151519547873,0.3142940014189564,-2.3793317840174675
97.61,2.299999952316284,0.043346203800178326,-2.4085543677521746,-0.008495746109359594,-0.9330618277745399,98.30687355995178,1.1818629223646975,0.25,526.5303229659004,0.2188670323669109,-2.2895626225979955
97.7,2.0999999046325684,0.02919516158136846,-2.478367537831948,-0.005291526308247871,-0.9302589786798103,98.30687355995178,1.1818629223646975,0.25,544.594658565824,0.04764022262725587,-2.099459456299364
97.9,2.0999999046325684,0.01704049957460045,-2.5132741228718345,0.00551796959862329,-0.9230111891712199,98.30614113807678,1.1818629223646975,0.25,546.257862913204,-0.040877290798106425,-2.0996020209920268
98.01,1.8999999761581419,0.00058363882488462,-2.5656340004316642,0.008226729565987035,-0.9205801684122517,98.30171608924866,1.1818629223646975,0.25,505.8569365823751,-0.14095962870898096,-1.8947639147068338
98.2,1.8999999761581419,-0.03128418031961205,-2.6179938779914944,0.007542088980329082,-0.9201441470797749,98.29504036903381,1.1818629223646975,0.25,542.5117322753067,-0.24075251555971325,-1.884685155577082
98.3,1.8999999761581419,-0.020942448200391768,-2.722713633111154,0.010008809730528687,-0.9228842733164294,98.29529213905334,1.1818629223646975,0.25,527.4220061879096,-0.4313682308572193,-1.8503841111531552
98.5,1.8999999761581419,-0.0953585385849548,-2.7401669256310974,0.01593362383462148,-0.9292640202483006,98.2849543094635,1.1818629223646975,0.25,557.7515701014563,-0.45183167725287665,-1.845493983959794
98.6,1.8999999761581419,-0.12274670969915392,-2.8448866807507573,0.02137699648157756,-0.9279550899716373,98.27227425575262,1.1818629223646975,0.25,522.3327409803461,-0.6446031653926012,-1.787312694680698
98.81,2.0,-0.1486436404177593,-2.91469985083053,0.0259252129472972,-0.92471124757184,98.26617074012756,1.1818629223646975,0.25,525.317263622237,-0.8140455933940876,-1.8268360002681325
98.91,2.0,-0.18288841476178036,-3.001966313430247,0.03105281247510343,-0.9209430556074429,98.25845742225647,1.1818629223646975,0.25,495.8089185922291,-0.9767505742388554,-1.7452674052202046
99.1,2.0,-0.2679631852073573,-3.0543261909900767,0.03794836760045045,-0.917129759929615,98.23697304725647,1.1818629223646975,0.25,520.9583705485276,-1.0731956058827332,-1.6876762697608785
99.2,2.0999999046325684,-0.2808430347257401,-3.0892327760299634,0.03737806453003201,-0.9177566677884905,98.22897744178772,1.1818629223646975,0.25,527.8638033983954,-1.186927066628077,-1.7323982619370366
99.4,2.0999999046325684,-0.268075420384355,-3.1764992386296798,0.03260482241904003,-0.9219095392243499,98.20116066932678,1.1818629223646975,0.25,508.84350923189777,-1.3266499832266327,-1.6278818819132952
99.5,2.200000047683716,-0.26845887951608954,-3.2288591161895095,0.031981705160528964,-0.9256785735352132,98.17679238319397,1.1818629223646975,0.25,542.2659046525661,-1.4710176998805777,-1.6358811498536217
99.7,2.299999952316284,-0.2645732242244292,-3.263765701229396,0.03185784637824311,-0.9261914766756084,98.16591286659241,1.1818629223646975,0.25,543.833504130922,-1.5957823960222526,-1.6563448690415856
99.8,2.299999952316284,-0.2560002274208817,-3.246312408709453,0.03223623914192676,-0.9254538632145983,98.15205025672913,1.1818629223646975,0.25,502.685242176216,-1.5678738193932626,-1.6827868157066397
100.0,2.299999952316284,-0.2615165338217213,-3.263765701229396,0.03396896402797205,-0.9231767149859759,98.12195992469793,1.1818629223646975,0.25,510.5972833621673,-1.6007686216556516,-1.6515264456185905
100.1,2.299999952316284,-0.2567660989324699,-3.2812189937493397,0.034607748102718695,-0.9222594791434376,98.10863137245178,1.1818629223646975,0.25,533.9737447773588,-1.6308362254734368,-1.6218424665603202
100.3,2.299999952316284,-0.3239979629940245,-3.3161255787892263,0.13008284283037663,-0.9167790468946714,98.08525490760803,1.1818629223646975,0.25,558.0277342148111,-1.6949899431786362,-1.5546732367858505
100.4,2.400000095367432,-0.5659601136110842,-3.368485456349056,0.20720205742265013,-0.9134382873560586,98.07564949989319,1.1818629223646975,0.25,596.3281110781755,-1.8562568807095312,-1.5212859200630904
100.6,2.400000095367432,-0.9825464377847224,-3.595378259108319,0.3199343150293113,-0.9094790353584271,98.03318428993225,1.1818629223646975,0.25,513.9345155850787,-2.1550946679372456,-1.0562042558104643
100.7,2.5999999046325684,-1.0796794269429275,-3.6477381366681487,0.3478988930580376,-0.9097439157993628,98.01675057411194,1.1818629223646975,0.25,574.849700175313,-2.3910996312218646,-1.0210984563988077
100.9,2.5999999046325684,-0.9617962513836036,-3.6826447217080354,0.38281388523882326,-0.912359650975295,97.99210000038147,1.1818629223646975,0.25,667.3876790531358,-2.422819548206171,-0.9433689314999775
101.0,2.900000095367432,-0.6646622794021673,-4.084070449666731,0.40694716432714007,-0.917132788343061,97.9837076663971,1.1818629223646975,0.25,627.2968436043011,-2.8990687095415235,0.07349265601652036
101.2,3.0999999046325684,-0.5020066847435233,-4.1887902047863905,0.4213772159596695,-0.9158321122725499,97.98592019081116,1.1818629223646975,0.25,528.1318012754418,-3.073290187406537,0.40606259703723835
101.3,3.5,-0.3780213486953278,-4.258603374866164,0.43335297192880196,-0.9111523160773087,97.99129128456116,1.1818629223646975,0.25,544.5679548958723,-3.4261005825108306,0.7154263054423908
101.51,3.7000000476837163,-0.3519176524114395,-4.293509959906051,0.25797912891571395,-0.9575329993708401,97.98583626747131,1.1818629223646975,0.25,490.59576330539124,-3.630317148714434,0.7147011631510092
101.6,4.199999809265137,-0.22386889407649252,-4.4156830075456535,0.12966819485995462,-1.0373089950986787,97.97875618934631,1.1818629223646975,0.25,454.2486684092546,-4.082811505422258,0.9852150064929076
101.81,4.5,-0.18379243473816287,-4.031710572106901,0.14321662145756,-1.2457693195309127,97.9734690189361,1.1818629223646975,0.25,571.0125351335882,-4.218389411339016,-1.56690483894296
101.9,5.0,-0.228599726216032,-4.031710572106901,0.17444841446908174,-1.3721222559644466,97.95639443397522,1.1818629223646975,0.25,551.4468318261788,-4.430337902064424,-2.3177804196108394
102.11,5.199999809265137,-0.1919074940014273,-4.014257279586958,0.1415717594015375,-1.674252723195138,97.93883156776428,1.1818629223646975,0.25,499.42445962318743,-3.616946187657696,-3.7360003067379313
102.2,5.5,-0.11105991512095886,-4.34586983746588,0.09731791135432219,-1.9990756354119676,97.93045449256897,1.1818629223646975,0.25,510.72370492891065,-3.8523574646140255,-3.925473470147595
102.41,5.699999809265138,-0.11708051427495812,-4.4505895925855405,0.08078454742498335,-2.161067706061632,97.91846871376038,1.1818629223646975,0.25,471.3866882477668,-3.7530281043293803,-4.290079005535495
102.5,5.9000000953674325,-0.08565992105321862,-4.328416544945937,0.06623559271400585,-2.33000162240745,97.92297005653381,1.1818629223646975,0.25,476.67212834939716,-2.446759583890103,-5.368739951234148
102.71,6.0,-0.10342552400352123,-4.258603374866164,0.03251694330187184,-2.645243083482913,97.89755654335022,1.1818629223646975,0.25,408.8631750298664,-0.25530668176001237,-5.994565747262156
102.8,6.0999999046325675,-0.19411020200175705,-4.468042885105484,0.02076662713721074,-2.7920612961179923,97.878093957901,1.1818629223646975,0.25,464.1989495621747,-0.6404475842889663,-6.06628599130438
102.91,6.0999999046325675,-0.2588776739010309,-4.642575810304916,0.015124725423014115,-2.9365383170718116,97.85027718544006,1.1818629223646975,0.25,588.4858441825345,-0.822458590479593,-6.044299852213129
103.1,6.199999809265138,-0.09794451816894957,-4.39822971502571,0.0032483541257487905,2.931833754891708,97.82205605506897,1.1818629223646975,0.25,539.3424059796272,3.101714657254328,-5.368366960246049
103.3,6.199999809265138,-0.051787436695760136,-4.258603374866164,-0.010509913571443817,2.834824319593755,97.8125650882721,1.1818629223646975,0.25,512.6918081606892,4.2738015676653545,-4.491616390021403
103.4,6.0999999046325675,-0.02056266840561954,-4.328416544945937,-0.026159303906372465,2.7645815893142305,97.80910897254944,1.1818629223646975,0.25,649.3249523098713,4.206767259921415,-4.417364379058014
103.61,6.0999999046325675,-0.1420449887518154,-4.293509959906051,-0.25079709115504684,2.688505355824248,97.77448678016663,1.1818629223646975,0.25,626.7765204470596,4.670131823125398,-3.924266503583667
103.7,6.199999809265138,0.11077765858670567,-4.066617157146788,-0.36005469238641685,2.6949780011442197,97.74792122840881,1.1818629223646975,0.25,673.1475893417155,5.503914042600081,-2.854282369801099
103.9,6.199999809265138,0.2796379786708657,-3.961897402027128,-0.3370969546961707,2.7177605309013204,97.753582239151,1.1818629223646975,0.25,598.7060657744951,5.719058912942083,-2.3942353236859275
104.01,6.300000190734862,0.3703926236229424,-5.619960191421741,-0.3114784702046232,2.7408100999285807,97.75628304481512,1.1818629223646975,0.25,605.0187710013706,-3.0578440255127974,-5.5081387345359225
104.2,6.5,0.5248032887278808,-4.625122517784973,-0.29059788375179785,2.769819582293853,97.78335213661194,1.1818629223646975,0.25,541.9751746255496,2.880067282795858,-5.827110128234139
104.3,6.699999809265138,0.5933454964255549,-4.50294947014537,-0.30289128825876527,2.7735646965644976,97.80653023719793,1.1818629223646975,0.25,522.7908790013317,3.657555440148428,-5.6135804658340405
104.5,6.9000000953674325,0.6639786663306874,-4.4505895925855405,-0.31960385107725786,2.7739181419022643,97.82979989051819,1.1818629223646975,0.25,552.7773898059166,4.062165108069455,-5.577527763342254
104.7,7.199999809265138,0.8585628298704661,-4.76474885794452,-0.3538091866784854,2.7727995421293032,97.84707283973694,1.1818629223646975,0.25,557.4478901362454,2.24048777698345,-6.842529632716674
104.81,7.4000000953674325,0.9240717555492798,-5.270894341022875,-0.365473419045722,2.769329166492259,97.86190438270569,1.1818629223646975,0.25,671.1027266317506,-1.3702363644473952,-7.27203229620056
104.91,7.699999809265138,1.0489432406457675,-5.235987755982989,-0.3713169165122825,2.764367760991498,97.87548470497131,1.1818629223646975,0.25,668.180486902511,-1.123058510757454,-7.617659525346246
105.11,7.9000000953674325,1.3197172318437371,-5.218534463463046,-0.37000661538090335,2.757992079399891,97.90087532997131,1.1818629223646975,0.25,604.592986721742,-0.9656835645916637,-7.840756134447938
105.2,8.199999809265138,1.4252117233589372,-5.253441048502932,-0.297050829158939,2.7594025903858426,97.9404718875885,1.1818629223646975,0.25,618.0091850981627,-1.2971960497955488,-8.096744980567385
105.41,8.399999618530272,1.3626891437497792,-4.974188368183839,-0.25328070768257455,2.761497971104812,97.97443795204163,1.1818629223646975,0.25,593.8779164287553,0.9913644942474482,-8.34129426593105
105.5,8.899999618530273,1.2760431974194688,-4.956735075663896,-0.2155454279048266,2.7585577418359466,97.98414254188543,1.1818629223646975,0.25,517.5476022084187,1.2303772447241483,-8.814542815455832
105.7,9.100000381469727,1.0889825481458442,-4.956735075663896,-0.18958987919586984,2.7574092212919905,98.05221962928772,1.1818629223646975,0.25,458.51894207822625,1.268376629115295,-9.01117238040996
105.8,9.5,1.023724664576078,-3.4557519189487724,-0.2001409353114431,2.756923228771652,98.08890175819397,1.1818629223646975,0.25,504.8295887284621,9.476394290151642,0.6692916087785372
106.0,9.699999809265137,1.0138755573817462,-3.385938748868999,-0.21351525577086314,2.7549669312958023,98.11891579627991,1.1818629223646975,0.25,438.8538460644486,9.60198438908003,1.3754606834101373
106.1,10.0,1.0795232300470432,-3.368485456349056,-0.21814249331869712,2.74894289879466,98.18586373329163,1.1818629223646975,0.25,475.4248422118835,9.862937416246831,1.6499895524512542
106.3,10.100000381469727,1.0023876698023082,-3.368485456349056,-0.21599918191362366,2.7448553665614845,98.25277352333069,1.1818629223646975,0.25,475.5499776563011,9.954672137610375,1.7071937026513166
106.4,10.300000190734863,0.942485842217218,-3.5779249665883754,-0.21865162910017655,2.7439809286211307,98.26658272743225,1.1818629223646975,0.25,423.838340402981,10.292279842969457,-0.3987224136449488
106.61,10.399999618530273,0.8671387376281956,-3.5604716740684323,-0.21121505177550737,2.7392444512459155,98.30527901649481,1.1818629223646975,0.25,502.9207776307012,10.398578657610763,-0.17191267234200575
106.71,10.699999809265137,0.8561802763827346,-3.5779249665883754,-0.20091025940631818,2.7371713674736684,98.34285378456116,1.1818629223646975,0.25,440.4781851562875,10.694552293702763,-0.3413900343169486
106.91,10.800000190734863,0.7092556812561722,-3.5779249665883754,-0.1813086177816603,2.7371726385168476,98.34165596961975,1.1818629223646975,0.25,454.46734368707985,10.794501325631424,-0.34459432789078104
107.0,10.899999618530273,0.7099806058885205,-3.543018381548489,-0.1820123920880828,2.740169754254793,98.37468361854553,1.1818629223646975,0.25,482.57448244694393,10.899999618486667,-3.083199720640482e-05
107.21,11.0,0.7534441207197247,-3.473205211468716,-0.18620289853819189,2.7413086498166357,98.42478585243225,1.1818629223646975,0.25,468.68818066410313,10.974073469880153,0.7547923407617467
107.3,11.0,0.7583568706429104,-3.473205211468716,-0.19027003825708766,2.7441783157638526,98.42519783973694,1.1818629223646975,0.25,443.4754397978831,10.97619428316353,0.7232973511967509
107.41,11.100000381469727,0.7621264782126561,-3.473205211468716,-0.19267249682655263,2.7439256095890703,98.42516732215881,1.1818629223646975,0.25,456.37330531419497,11.075793451178727,0.7326717515057486
107.6,11.100000381469727,0.7976777938693707,-3.473205211468716,-0.1957183237800594,2.7381142206508726,98.474285364151,1.1818629223646975,0.25,442.6312421432449,11.071348607974137,0.7970247608055908
107.81,11.100000381469727,0.7995347654210462,-3.543018381548489,-0.19314404279475175,2.7315345608225003,98.49023079872131,1.1818629223646975,0.25,416.8628566910047,11.099586810665572,0.09581806263410832
107.9,11.199999809265137,0.7668720339601489,-3.543018381548489,-0.19059688647263132,2.728809493023777,98.48716378211975,1.1818629223646975,0.25,491.5953827937847,11.199277465899748,0.12720050836861646
108.11,11.199999809265137,0.7684069251150896,-3.5604716740684323,-0.17307747564221382,2.7196181350771216,98.48561501502991,1.1818629223646975,0.25,441.4572410056208,11.199946149503658,0.03466952202282714
108.2,11.100000381469727,0.7262038225446523,-3.4557519189487724,-0.16363617011769635,2.7170685172608553,98.47536873817444,1.1818629223646975,0.25,482.3345856039196,11.032467722509995,1.2225646896598885
108.4,11.100000381469727,0.7176925166502139,-3.4382986264288293,-0.14155017357283975,2.7149159996923,98.4811441898346,1.1818629223646975,0.25,473.0564463749397,11.00637958192384,1.4386163377489167
108.5,10.800000190734863,0.6881756446302031,-3.4382986264288293,-0.13569347105536,2.7136621509059182,98.46118569374084,1.1818629223646975,0.25,484.28603337827366,10.707146211346071,1.41316104132917
108.7,10.699999809265137,0.6412977037083517,-3.4557519189487724,-0.11785277390281036,2.711261810435847,98.44337105751038,1.1818629223646975,0.25,451.1393119550776,10.627878257174446,1.240241778425722
108.8,10.5,0.6050631770956679,-3.543018381548489,-0.1175277503703874,2.712681851253404,98.45328164100647,1.1818629223646975,0.25,469.3744096242262,10.496034245767223,0.2885569470341777
109.0,10.300000190734863,0.5966012877668025,-3.543018381548489,-0.11431304002372321,2.7123514505790527,98.44639992713928,1.1818629223646975,0.25,452.9240593831382,10.296015889199364,0.28646245564203127
109.1,10.100000381469727,0.5652444908882098,-3.5604716740684323,-0.11341433764368519,2.7115905482585836,98.45567727088928,1.1818629223646975,0.25,455.6246126241531,10.099375586653942,0.11234084469594957
109.31,10.0,0.5654631118581261,-3.5604716740684323,-0.10797836635827185,2.7080605793817005,98.45383095741272,1.1818629223646975,0.25,445.831166154916,9.998926459290718,0.1465252937071138
109.4,9.899999618530273,0.5692259073531196,-3.543018381548489,-0.10642025497280687,2.704955019533251,98.46446633338928,1.1818629223646975,0.25,432.78132645328515,9.893862855137401,0.34852582491391626
109.6,9.800000190734863,0.5359825471285248,-3.5604716740684323,-0.11638504196228698,2.70135025485584,98.47217965126038,1.1818629223646975,0.25,457.85941592068775,9.79776394548466,0.20934518615017197
109.7,9.600000381469727,0.5496065062637963,-3.5779249665883754,-0.12582418788538569,2.7017997819343487,98.46875405311584,1.1818629223646975,0.25,452.2108950917536,9.599942899286962,0.03322129811912464
109.91,9.600000381469727,0.6001159736171986,-3.595378259108319,-0.13857457124989184,2.701206381057683,98.4821360111236,1.1818629223646975,0.25,412.4927649697892,9.599138592132046,-0.1286297526238944
110.0,9.600000381469727,0.6061147955328667,-3.7000980142279785,-0.14316526244315111,2.699443631980041,98.48553109169006,1.1818629223646975,0.25,436.1058169907047,9.53508743679212,-1.1145020847661067
110.2,9.600000381469727,0.5972415853115121,-3.7873644768276953,-0.14284054964857973,2.6961937090778387,98.49709725379944,1.1818629223646975,0.25,467.4371554416138,9.40792770320537,-1.9107338002662306
110.3,9.600000381469727,0.5804674982184543,-3.8048177693476384,-0.13403956093254035,2.696803811052231,98.50269722938543,1.1818629223646975,0.25,389.901647999468,9.371880444837737,-2.0803519538498554
110.5,9.600000381469727,0.5892653181417774,-3.8048177693476384,-0.12459250213994194,2.698630631758307,98.51344704627991,1.1818629223646975,0.25,465.5815981595006,9.368064378664748,-2.0974692182274195
110.6,9.699999809265137,0.6041032945909453,-3.7873644768276953,-0.1094433958613265,2.7018728641025835,98.52099251747131,1.1818629223646975,0.25,455.19446725800657,9.494808760690933,-1.984591367927005
110.81,9.699999809265137,0.6505701323638198,-3.7524578917878086,-0.10682010457750186,2.7083361848357748,98.55124306678772,1.1818629223646975,0.25,445.255611661014,9.547408923764038,-1.7137616935194013
110.9,9.800000190734863,0.7335434762481725,-3.7699111843077517,-0.12315380133169,2.7106376741879945,98.57875466346741,1.1818629223646975,0.25,445.64769740850534,9.609752322301603,-1.9216305686635813
111.1,9.800000190734863,0.904574029664453,-3.7699111843077517,-0.16059316555427086,2.7125606024014366,98.61380410194397,1.1818629223646975,0.25,469.893084458603,9.606039400183676,-1.94010586837992
111.2,10.0,0.955560914705228,-3.717551306747922,-0.16798007007616608,2.7139395271244027,98.62884163856512,1.1818629223646975,0.25,364.0518867375703,9.890228772423397,-1.477624725405069
111.4,10.100000381469727,0.9524517899151226,-3.822271061867582,-0.1690032680482244,2.7156317669028898,98.65988564491272,1.1818629223646975,0.25,351.3600298452148,9.77411892988245,-2.544917847436764
111.51,10.199999809265137,0.7912808406787472,-3.822271061867582,-0.16668782409666416,2.722021175151963,98.70553994178772,1.1818629223646975,0.25,436.9122584234574,9.854268938958315,-2.633131175557003
111.7,10.300000190734863,0.7524633366757177,-3.822271061867582,-0.17223374736526867,2.7204876582843625,98.75288796424866,1.1818629223646975,0.25,453.87005165196024,9.954945625869582,-2.6436833235314467
111.8,10.399999618530273,0.6905868609588307,-3.822271061867582,-0.1686816539575524,2.7141667735364408,98.75667977333069,1.1818629223646975,0.25,437.66391341683624,10.068266771999635,-2.6057621290666355
111.9,10.399999618530273,0.6556000620652422,-3.7699111843077517,-0.16021914251543193,2.707410744741029,98.75682473182678,1.1818629223646975,0.25,397.0653222994879,10.204631441468768,-2.0063621829612153
112.1,10.399999618530273,0.5922768074965858,-3.7699111843077517,-0.14331748792018614,2.697158274275966,98.78755593299866,1.1818629223646975,0.25,474.3726433241536,10.224664934344707,-1.9016358867594985
112.31,10.399999618530273,0.602558362296676,-3.7699111843077517,-0.14566393635046243,2.6978679485853267,98.82187294960022,1.1818629223646975,0.25,372.70483245330985,10.223312817560519,-1.908891589308474
112.4,10.5,0.5742097285904749,-3.822271061867582,-0.15107784207211197,2.7041990979446373,98.82468056678772,1.1818629223646975,0.25,396.9805705082072,10.19079513553122,-2.529366423757786
112.6,10.600000381469727,0.6639391806308006,-3.839724354387525,-0.1803800636775391,2.710476737279639,98.84390664100647,1.1818629223646975,0.25,501.8947472293075,10.224363798922314,-2.796854124627386
112.7,10.600000381469727,0.7639893180153506,-3.857177646907468,-0.1801399015374891,2.6972116739736007,98.87392067909241,1.1818629223646975,0.25,454.2843130014371,10.212560293015526,-2.839651448449438
112.9,10.699999809265137,0.7413683208515399,-3.8746309394274117,-0.18275818633067767,2.6888497184154514,98.87904000282288,1.1818629223646975,0.25,486.05102559102676,10.28241920461265,-2.9600424353186088
113.0,10.800000190734863,0.7564753214355383,-3.9968039870670147,-0.18810818313017919,2.680884011780246,98.88667702674866,1.1818629223646975,0.25,489.7869760978212,9.97042861629622,-4.150970648801861
113.2,10.899999618530273,0.6913924978066485,-4.118977034706618,-0.1884965328333635,2.666902856577944,98.89304757118231,1.1818629223646975,0.25,400.7839896922815,9.551533688781742,-5.251494632581048
113.3,11.0,0.559385025839913,-4.136430327226561,-0.20302726439690666,2.669359637483669,98.88531136512756,1.1818629223646975,0.25,445.08070510403195,9.531742382829146,-5.490527037305121
113.41,11.100000381469727,0.5016404652455797,-4.136430327226561,-0.21863558586894905,2.677076353629914,98.86423897743225,1.1818629223646975,0.25,521.3725881950448,9.575354954542185,-5.61449783713134
113.6,11.399999618530273,0.5511890360087338,-4.293509959906051,-0.20698486419385778,2.695098060744744,98.81834053993225,1.1818629223646975,0.25,585.6021149125298,8.679247792064412,-7.3912549047124205
113.8,11.5,0.5537561075004196,-4.2062434973063345,-0.20848476945852418,2.697781801462564,98.7937662601471,1.1818629223646975,0.25,477.56044276982726,9.353986206826454,-6.689763975096614
113.9,11.800000190734865,0.5787594884130468,-4.2062434973063345,-0.2200499676141116,2.6982792112836083,98.77176308631903,1.1818629223646975,0.25,543.8112145519044,9.594587846117946,-6.869052959795014
114.1,11.899999618530273,0.7039626485118091,-4.2062434973063345,-0.2361193038046245,2.699717234577077,98.72715401649481,1.1818629223646975,0.25,486.72079008558654,9.66592587668162,-6.9411719376138
114.2,12.0,0.7584840315439171,-4.380776422505767,-0.23377068059983072,2.699845107921351,98.69417977333069,1.1818629223646975,0.25,582.83707705672,8.382522701917594,-8.586810417834794
114.4,12.100000381469727,0.923160682732384,-4.241150082346221,-0.23154933094878524,2.6909763815064327,98.68468880653381,1.1818629223646975,0.25,499.7690462049468,9.640362515928611,-7.312552207885158
114.51,12.199999809265135,0.9084354913798748,-4.223696789826278,-0.23692103694625624,2.687624598068373,98.65644478797913,1.1818629223646975,0.25,449.4517517467175,9.871315358098464,-7.1691790636751955
114.7,12.300000190734865,0.8523167440586783,-4.223696789826278,-0.24887819455739585,2.685791270271867,98.61568856239319,1.1818629223646975,0.25,474.0048785195504,9.965462545306314,-7.209685218522008
114.8,12.5,0.8231478371519338,-4.4156830075456535,-0.2563372410128977,2.6890518310613936,98.604900598526,1.1818629223646975,0.25,516.5538915517392,8.513593190963977,-9.1525259343403
115.0,12.600000381469727,0.8551130068110431,-4.4156830075456535,-0.2664509657179196,2.694104843210103,98.591472864151,1.1818629223646975,0.25,494.60395918623544,8.534975028165135,-9.268991902123705
115.1,12.699999809265135,0.8435075102263171,-4.4156830075456535,-0.27581798194570706,2.697789753254277,98.53603768348694,1.1818629223646975,0.25,538.2101253808978,8.568227732893233,-9.374191627687892
115.3,12.699999809265135,0.7982275723423204,-4.4156830075456535,-0.27544011160183524,2.7001394602366684,98.48142647743225,1.1818629223646975,0.25,573.0141900083398,8.546177496531664,-9.39429855567249
115.4,12.800000190734865,0.7847754731902952,-4.5553093477052,-0.2682398120259175,2.7015212563632294,98.45163369178772,1.1818629223646975,0.25,490.7478611643164,7.19729711327558,-10.584843841363348
115.6,12.800000190734865,0.7104178395156328,-4.50294947014537,-0.25715393507845863,2.701152976078168,98.3947184085846,1.1818629223646975,0.25,579.4469232471238,7.745154990875553,-10.19080855723078
115.7,12.800000190734865,0.7131039072807333,-4.50294947014537,-0.2523320113106275,2.701215565371321,98.36172890663147,1.1818629223646975,0.25,488.9099934256228,7.744517140201206,-10.191293301045864
115.91,12.800000190734865,0.6512104683771391,-4.50294947014537,-0.24373717478643514,2.6996892758629403,98.29462838172913,1.1818629223646975,0.25,526.290477956125,7.7600629775484755,-10.179461059766085
116.0,12.800000190734865,0.6264360675579267,-4.293509959906051,-0.2409249963294855,2.700508775389055,98.22777199745178,1.1818629223646975,0.25,464.56310169012073,9.70007510239201,-8.351559608286783
116.21,12.800000190734865,0.6406904973827616,-4.241150082346221,-0.23837917108066617,2.7007129033224655,98.18661141395569,1.1818629223646975,0.25,548.5820645387904,10.122269311781402,-7.834517781113337
116.31,12.699999809265135,0.6405849659901283,-4.241150082346221,-0.2372747470708411,2.702057868479057,98.15373635292053,1.1818629223646975,0.25,531.5301680425036,10.032724870118336,-7.7868110825833865
116.5,12.699999809265135,0.6482807582887214,-4.223696789826278,-0.2387894316760588,2.704387019548182,98.07473397254944,1.1818629223646975,0.25,627.9153581806169,10.149341793560874,-7.634189957868027
116.6,12.699999809265135,0.7134687410995135,-4.101523742186674,-0.23650578204993758,2.7048268143501306,98.0467112064361,1.1818629223646975,0.25,528.26200143803,11.001274320825775,-6.345231159955786
116.8,12.699999809265135,0.7737858263372278,-4.118977034706618,-0.23581336541330716,2.7050920903839284,97.97634530067444,1.1818629223646975,0.25,555.3856263330598,10.887124923160249,-6.539151784661172
116.91,12.699999809265135,0.8101453776729947,-4.101523742186674,-0.23319859540644627,2.702930925551368,97.96045327186584,1.1818629223646975,0.25,517.8220289818856,11.01328439484768,-6.324362576065593
117.1,12.600000381469727,0.7345911654580374,-4.101523742186674,-0.23223753520334348,2.6982876472912953,97.883465051651,1.1818629223646975,0.25,544.5429065916325,10.955582771950994,-6.223762185364077
117.21,12.699999809265135,0.679070652439332,-4.1887902047863905,-0.2370153834050679,2.698988427355693,97.8386881351471,1.1818629223646975,0.25,624.599075957849,10.448713146142513,-7.219029626269939
117.4,12.699999809265135,0.7904146854989853,-4.258603374866164,-0.23462761697071483,2.7011590977249678,97.79302620887756,1.1818629223646975,0.25,508.1677414034457,9.902449110635743,-7.951823486886757
117.5,12.699999809265135,0.771000585083103,-4.258603374866164,-0.23582695309110813,2.7018929958533806,97.75832772254944,1.1818629223646975,0.25,521.1263679336225,9.896610616023692,-7.959088733651713
117.7,12.600000381469727,0.7212281776588639,-4.258603374866164,-0.2482760170278814,2.6989784172214244,97.7008860111236,1.1818629223646975,0.25,593.8204051053981,9.841657991005674,-7.867768273221538
117.8,12.600000381469727,0.7658496160210403,-4.2062434973063345,-0.23902978752809279,2.699741705722471,97.67493844032288,1.1818629223646975,0.25,588.6189644633123,10.234330536538982,-7.349727075334361
118.0,12.600000381469727,0.7491233784527265,-4.310963252425994,-0.23199337178073373,2.7007630768324136,97.6528742313385,1.1818629223646975,0.25,583.9263959158998,9.401446902559181,-8.38885008516648
118.1,12.600000381469727,0.7341750468946857,-4.328416544945937,-0.2325667047595633,2.7031639878099267,97.60227608680725,1.1818629223646975,0.25,603.4289867993684,9.233050993469606,-8.573842718701293
118.3,12.5,0.7458588672194153,-4.34586983746588,-0.23046607657956328,2.703060981399052,97.5636637210846,1.1818629223646975,0.25,592.4914873612214,9.010823282397084,-8.663432562986259
118.4,12.5,0.7646723838708541,-4.293509959906051,-0.22648095361111623,2.703104762385642,97.54553627967834,1.1818629223646975,0.25,534.543842199626,9.451525153589223,-8.180383381668012
118.6,12.399999618530273,0.7742367882244368,-4.328416544945937,-0.22553393739457023,2.700646582449909,97.51632332801819,1.1818629223646975,0.25,538.2099387466552,9.107706495110355,-8.414848360991158
118.7,12.300000190734865,0.7493411800347058,-4.34586983746588,-0.21990597528533928,2.693835938276942,97.48196816444397,1.1818629223646975,0.25,511.66799630787136,8.94491366394051,-8.442660968955705
118.9,12.300000190734865,0.7201229529926308,-4.34586983746588,-0.2220673776380789,2.689965191175986,97.46580910682678,1.1818629223646975,0.25,529.8341835774119,8.977525978486502,-8.407974310003432
119.0,12.199999809265135,0.7067297557707579,-4.258603374866164,-0.22420911647754993,2.6856199159023735,97.452068567276,1.1818629223646975,0.25,627.5106684751919,9.630135739305935,-7.49002543310848
119.2,12.199999809265135,0.761371484561847,-4.363323129985824,-0.2148754518041026,2.683344492499409,97.42550301551819,1.1818629223646975,0.25,607.5641581916097,8.813677326399366,-8.435584587459427
119.3,12.199999809265135,0.7544455169341368,-4.363323129985824,-0.21241117742574503,2.6829677859153227,97.41406655311584,1.1818629223646975,0.25,511.7447750452847,8.816854441213929,-8.432263818721253
119.5,12.100000381469727,0.7238782457778355,-4.34586983746588,-0.21706701789873747,2.6836359735124753,97.40217232704163,1.1818629223646975,0.25,571.3954198582361,8.883723448526535,-8.215197314834706
119.6,12.100000381469727,0.767106938944408,-4.258603374866164,-0.2259466508700067,2.690465790440541,97.37656044960022,1.1818629223646975,0.25,537.5345712811395,9.515090429666763,-7.474828649998041
119.81,12.100000381469727,0.8833807454815429,-4.276056667386108,-0.22412262095562244,2.69375723239215,97.36785531044006,1.1818629223646975,0.25,535.8057709474633,9.357990907970517,-7.670594201097374
119.91,12.0,0.8972314617514341,-4.258603374866164,-0.22170063305840873,2.693259938783768,97.36618447303772,1.1818629223646975,0.25,512.6405951732557,9.4157030420293,-7.439390850353285
120.1,12.0,0.9235730647596464,-4.258603374866164,-0.214439661673377,2.68597989427523,97.36214852333069,1.1818629223646975,0.25,510.4999510585622,9.469612149593829,-7.370647579165954
120.2,11.899999618530273,0.9269656325643072,-4.241150082346221,-0.21116070439081167,2.683108511935137,97.36565804481512,1.1818629223646975,0.25,453.89626594943553,9.53730626717683,-7.11686588935679
120.4,11.899999618530273,0.9084128784224104,-4.1887902047863905,-0.20564639785186184,2.6831442106416965,97.37749123573303,1.1818629223646975,0.25,455.2231850287317,9.896467799942961,-6.6083217238352425
120.5,11.899999618530273,0.8535085546647248,-4.1887902047863905,-0.20576339807762806,2.684480671763486,97.38051247596741,1.1818629223646975,0.25,408.89319347057614,9.887627199328454,-6.621542062701164
120.7,11.899999618530273,0.8205856987276263,-4.1887902047863905,-0.20152169319340743,2.687398105973109,97.39318490028381,1.1818629223646975,0.25,487.1990073675988,9.868267234542273,-6.650360344273086
120.8,11.800000190734865,0.836592342154835,-4.136430327226561,-0.19128532495402506,2.6860918253736847,97.39270424842834,1.1818629223646975,0.25,519.9561636276486,10.124983607309984,-6.060091703352925
121.0,11.699999809265135,0.8523567444368487,-4.153883619746504,-0.1850825481127558,2.685107491594188,97.3977701663971,1.1818629223646975,0.25,422.82835761796014,9.938863787986536,-6.173247293009905
121.2,11.699999809265135,0.9880781896270392,-4.171336912266447,-0.1947410674195527,2.6778838638873097,97.45649361610413,1.1818629223646975,0.25,507.27537613604005,9.875194611924378,-6.274593764812501
121.31,11.699999809265135,1.0675526014201986,-4.153883619746504,-0.19195053884542562,2.674995206730574,97.48235726356512,1.1818629223646975,0.25,485.394637931895,10.000780197876379,-6.07242875384865
121.4,11.600000381469727,1.0812284516348647,-4.118977034706618,-0.18930204603289563,2.674369863564023,97.51254677772522,1.1818629223646975,0.25,441.6939212807665,10.122921422325176,-5.6644920979314515
121.6,11.600000381469727,1.0469041569112694,-4.1887902047863905,-0.1863806952312099,2.6780703083306734,97.56563973426819,1.1818629223646975,0.25,503.8512546679704,9.67953801075576,-6.392695264787164
121.7,11.699999809265135,1.072121415247731,-4.2062434973063345,-0.1859473230008625,2.6800961821424414,97.6038630008697,1.1818629223646975,0.25,469.4707387913586,9.635539747974363,-6.636743877987936
121.9,11.699999809265135,1.153493668813724,-4.2062434973063345,-0.18107000234816586,2.6804499082978768,97.64133858680725,1.1818629223646975,0.25,371.0409573405287,9.633191555316827,-6.6401518051454795
122.0,11.800000190734865,1.1244321630049705,-4.153883619746504,-0.180076334944204,2.6792769692258673,97.72923684120178,1.1818629223646975,0.25,438.25657433626475,10.059941974554103,-6.167460739230314
122.2,11.800000190734865,1.0884429484186764,-4.310963252425994,-0.18559211267979892,2.682861589073425,97.822674036026,1.1818629223646975,0.25,379.6294052004742,8.943749384773039,-7.697360030797232
122.31,11.800000190734865,1.0870957294664028,-4.328416544945937,-0.19053737445049718,2.6892276954082885,97.85956978797913,1.1818629223646975,0.25,402.8886396560738,8.757883173246125,-7.908191122191929
122.5,11.800000190734865,1.1102968953807124,-4.34586983746588,-0.1874607243776465,2.6955989728769127,97.89529824256897,1.1818629223646975,0.25,331.9675229659478,8.567006329640005,-8.114579905900918
122.61,11.699999809265135,1.0040271511555057,-4.310963252425994,-0.1893857886490865,2.7028730485779673,98.06996560096741,1.1818629223646975,0.25,425.12219775321137,8.713459220553476,-7.808048664586806
122.81,11.600000381469727,0.986517679385316,-4.328416544945937,-0.18301760208920662,2.7003605600344547,98.09351754188543,1.1818629223646975,0.25,387.54419808087545,8.522364277143106,-7.8695181541040276
122.9,11.600000381469727,0.8894321285486865,-4.34586983746588,-0.17698555692816267,2.695954517494218,98.1124918460846,1.1818629223646975,0.25,418.440410066396,8.418966245766859,-7.980038609100591
123.1,11.600000381469727,0.8243563285944191,-4.34586983746588,-0.17654429063040297,2.6833988779670586,98.18956398963928,1.1818629223646975,0.25,488.0164388291705,8.518494510071832,-7.8737068863384705
123.2,11.5,0.8682323445536542,-4.276056667386108,-0.17628486613817054,2.678644837272632,98.24139046669006,1.1818629223646975,0.25,522.8867817149147,9.003111120936625,-7.154997564225111
123.4,11.399999618530273,0.9199792197036184,-4.258603374866164,-0.18730163843892736,2.6700827186329947,98.27917885780329,1.1818629223646975,0.25,405.44220938350196,9.10630367600582,-6.8582231418096375
123.5,11.300000190734865,0.9911276468540128,-4.258603374866164,-0.19436799888588094,2.6652093076372583,98.37679696083069,1.1818629223646975,0.25,457.52147228200556,9.059446711332097,-6.753993603427683
123.71,11.199999809265137,1.0214318404356149,-4.258603374866164,-0.18869578974545237,2.666397345656369,98.44520211219793,1.1818629223646975,0.25,376.5668581093778,8.971314985054079,-6.704886514064443
123.8,11.100000381469727,0.9508276542845872,-4.34586983746588,-0.1830078034106058,2.6673350170759047,98.46775460243225,1.1818629223646975,0.25,385.59185243007965,8.27129145418485,-7.402414886275746
124.01,11.100000381469727,0.8308799388047033,-4.34586983746588,-0.18937675212734886,2.6743623144332167,98.53564095497131,1.1818629223646975,0.25,460.05646153303684,8.219068682384462,-7.460356456823965
124.1,11.100000381469727,0.8061465600265666,-4.34586983746588,-0.18711881552374185,2.6791901411180037,98.54237771034241,1.1818629223646975,0.25,462.8799484843257,8.18295572984615,-7.499949599297728
124.3,11.0,0.7369586500925484,-4.34586983746588,-0.17519799600988797,2.6848827279358205,98.5912516117096,1.1818629223646975,0.25,417.7477961623844,8.066794484933018,-7.478424081172065
124.4,11.0,0.6741325077719557,-4.293509959906051,-0.16626789213303542,2.685225502415334,98.58977913856512,1.1818629223646975,0.25,420.6014058486472,8.444714016572732,-7.048886804191143
124.6,10.899999618530273,0.5670221178390045,-4.293509959906051,-0.15594905387990363,2.6857350756644616,98.62183785438543,1.1818629223646975,0.25,396.64286612798236,8.364383239846951,-6.989068943781249
124.7,10.800000190734863,0.5344659577453759,-4.293509959906051,-0.1524720889468788,2.686175286037339,98.64471077919006,1.1818629223646975,0.25,454.44263926637353,8.284596977865732,-6.928597046604101
124.9,10.699999809265137,0.4197699069791928,-4.293509959906051,-0.13355176459697723,2.687849411097759,98.61911416053772,1.1818629223646975,0.25,354.7267845471361,8.196384022326626,-6.87817453084921
125.0,10.600000381469727,0.3736313819994799,-4.276056667386108,-0.12414489584624396,2.6898333671646224,98.62891030311584,1.1818629223646975,0.25,428.77985847608215,8.224213423106116,-6.687474983755793
125.2,10.5,0.3105509765518192,-4.2062434973063345,-0.10903211355243077,2.692533100676761,98.60482430458069,1.1818629223646975,0.25,449.257169806282,8.57253761563857,-6.0631344062672525
125.3,10.399999618530273,0.2565708421551879,-4.2062434973063345,-0.11868609651493257,2.6897496892132473,98.58786416053772,1.1818629223646975,0.25,433.86169379831335,8.507576647660912,-5.98173316436002
125.5,10.300000190734863,0.2868832241239796,-4.1887902047863905,-0.14096175817369555,2.683083240410523,98.5418131351471,1.1818629223646975,0.25,478.26416132858867,8.566199435939009,-5.719285895359352
125.6,10.300000190734863,0.3326735699046809,-4.118977034706618,-0.1448994066933859,2.679504173717879,98.51803994178772,1.1818629223646975,0.25,546.9541808767462,8.962513673973344,-5.075761280141043
125.8,10.199999809265137,0.3581494588810953,-4.066617157146788,-0.17708465235120163,2.6761851767206593,98.46557259559631,1.1818629223646975,0.25,507.7136383403922,9.141468840346013,-4.5247699996786315
125.9,10.199999809265137,0.4122912556813715,-4.066617157146788,-0.19294477903746973,2.677241169373895,98.43980813026428,1.1818629223646975,0.25,494.95982662618917,9.136685620437696,-4.5344207989881
126.1,10.199999809265137,0.4356193551226729,-4.049163864626845,-0.1883481658103747,2.6826534334028604,98.3578531742096,1.1818629223646975,0.25,503.18654095135577,9.190621051698763,-4.42407965492037
126.2,10.199999809265137,0.4163396809073349,-4.136430327226561,-0.18748650206026352,2.6831984043521597,98.31248879432678,1.1818629223646975,0.25,464.0767294538673,8.767224362937522,-5.213038756706455
126.41,10.199999809265137,0.3845039962988929,-4.223696789826278,-0.19605333120714216,2.6824559380161013,98.24502968788147,1.1818629223646975,0.25,466.0652430029295,8.28393698628027,-5.9511666180965355
126.5,10.100000381469727,0.3179366117704091,-4.223696789826278,-0.19649814419388628,2.68448628877016,98.18377327919006,1.1818629223646975,0.25,524.5799708637315,8.190740986113763,-5.909464426162897
126.6,10.100000381469727,0.29714952322336,-4.223696789826278,-0.1929691503926225,2.687180850022538,98.1360514163971,1.1818629223646975,0.25,607.3846718351197,8.174787856441657,-5.931513399450652
126.8,10.199999809265137,0.2959872533278773,-4.258603374866164,-0.17866519081344384,2.6932152142573944,98.03410744667053,1.1818629223646975,0.25,486.346836113662,8.003630242803922,-6.323124152306616
127.0,10.199999809265137,0.2725269991827387,-4.084070449666731,-0.18115026409475052,2.6946048966971627,97.99016976356512,1.1818629223646975,0.25,547.6746692286724,8.973305196871545,-4.849720605643891
127.1,10.199999809265137,0.3133643813958796,-4.084070449666731,-0.18264458486000992,2.6909887078630508,97.87721657752991,1.1818629223646975,0.25,598.6014707727735,8.990783993059738,-4.817239800876599
127.3,10.100000381469727,0.32617845100490594,-4.084070449666731,-0.17866870307140137,2.6856774826463092,97.76991677284241,1.1818629223646975,0.25,579.2558268692666,8.927848477307798,-4.722661248906326
127.4,10.100000381469727,0.3391847926181878,-4.101523742186674,-0.17567629687691513,2.684589662053574,97.73154091835022,1.1818629223646975,0.25,511.76400182762524,8.849367806972806,-4.868130762685193
127.6,10.100000381469727,0.3131960681962733,-4.153883619746504,-0.17278112803442516,2.683929031760188,97.61902260780329,1.1818629223646975,0.25,501.0177784072148,8.58597749586842,-5.318928289244901
127.7,10.100000381469727,0.3034933464419826,-4.153883619746504,-0.17024819665510132,2.684803510140299,97.5059244632721,1.1818629223646975,0.25,555.6971252865333,8.581322925765246,-5.326434506255046
127.9,10.199999809265137,0.3852586209720692,-4.136430327226561,-0.1595973939138183,2.6823303386549773,97.47161507606512,1.1818629223646975,0.25,569.1483651164308,8.771746319273587,-5.205426266821872
128.0,10.300000190734863,0.38756060901203504,-4.066617157146788,-0.16024549524680112,2.6786429510989866,97.41147255897522,1.1818629223646975,0.25,574.8136485293143,9.219833665570455,-4.591804776811823
128.21,10.5,0.5884537637778463,-4.049163864626845,-0.19066189824163937,2.6708053204282036,97.3436930179596,1.1818629223646975,0.25,554.7795806798822,9.51422697830658,-4.441788491729797
128.41,10.5,0.649681398117342,-4.084070449666731,-0.2022545346687116,2.6689921623910418,97.33345437049866,1.1818629223646975,0.25,491.37692108927513,9.36205040843379,-4.754157354352578
128.5,10.600000381469727,0.6401986537568638,-4.066617157146788,-0.20884580356057408,2.6680805335480215,97.2891275882721,1.1818629223646975,0.25,522.7233369736715,9.537755667124106,-4.625064855912871
128.7,10.600000381469727,0.6080911301991452,-4.066617157146788,-0.21775837578833507,2.6685931158724574,97.21998238563538,1.1818629223646975,0.25,546.7411456852277,9.535383687755427,-4.629953133072303
128.8,10.699999809265137,0.6100164081748751,-4.1887902047863905,-0.21437458172540338,2.6719986189288445,97.19546914100647,1.1818629223646975,0.25,487.5482198884565,8.964177114146965,-5.8423903142872735
129.0,10.699999809265137,0.5745305807678132,-4.258603374866164,-0.21250467103494283,2.6752959756741057,97.16978859901428,1.1818629223646975,0.25,546.8327482813039,8.5134705377155,-6.481575064883853
129.1,10.800000190734863,0.5519547684064057,-4.241150082346221,-0.20710189687207806,2.6898859276815745,97.10052132606512,1.1818629223646975,0.25,490.56988179520704,8.611733141670884,-6.517519191879715
129.3,10.899999618530273,0.5436081213747191,-4.223696789826278,-0.20569821023585252,2.6909500016839614,97.07239174842834,1.1818629223646975,0.25,513.5433796808502,8.798104948334757,-6.4345427966598825
129.4,10.899999618530273,0.5130201452687448,-4.031710572106901,-0.20537443644134504,2.690347514388541,97.04234719276428,1.1818629223646975,0.25,549.0531536306879,9.86701991009383,-4.631620642687833
129.6,10.899999618530273,0.5366407242046483,-4.031710572106901,-0.19181645099062852,2.6907141997177333,96.99712014198303,1.1818629223646975,0.25,603.0374945299262,9.865320899441313,-4.635238422671108
129.7,11.0,0.5968017421802054,-4.014257279586958,-0.178003605050659,2.6909619685866963,96.98677468299866,1.1818629223646975,0.25,568.0809475273128,10.034834606471907,-4.505784551080287
129.9,11.0,0.6145429848431752,-3.9968039870670147,-0.18242519099355994,2.6887713328310725,96.96414589881903,1.1818629223646975,0.25,490.6303490007122,10.121404144225195,-4.307804330428789
130.0,11.0,0.6446140202599336,-3.7873644768276953,-0.2024087606947179,2.685093061471664,96.9307291507721,1.1818629223646975,0.25,468.8335240072775,10.803555627409619,-2.0695859019296514
130.2,11.0,0.6560054329623815,-3.7699111843077517,-0.2130863828061462,2.682278086524249,96.9199869632721,1.1818629223646975,0.25,509.2284035326884,10.843280687328855,-1.8502064576152253
130.3,10.899999618530273,0.6942284208888114,-3.7873644768276953,-0.2136503640718428,2.681166878101947,96.90292763710022,1.1818629223646975,0.25,550.2026400647883,10.713310283755085,-2.0087245824023854
130.51,10.800000190734863,0.7563475818221398,-3.7873644768276953,-0.20299634742822692,2.680080947834609,96.8883860111236,1.1818629223646975,0.25,483.1444257273033,10.6171786558218,-1.9787676746488199
130.6,10.800000190734863,0.7027852061788039,-3.961897402027128,-0.16679139133350576,2.667664243458525,96.8897516727447,1.1818629223646975,0.25,467.90610071939227,10.158578333789555,-3.6665092876105634
130.8,10.899999618530273,0.6798251561466585,-3.944444109507185,-0.1698662968100663,2.6643787451926975,96.89095711708069,1.1818629223646975,0.25,446.92763063923115,10.327171495053213,-3.4870504148521415
130.9,11.0,0.6712834809282378,-3.961897402027128,-0.17630016081351307,2.6621243946210598,96.8909723758697,1.1818629223646975,0.25,454.02197320455156,10.367229150198694,-3.6770313769766028
131.1,11.0,0.7108057169652089,-3.961897402027128,-0.18628556313864583,2.6621165831158407,96.89354348182678,1.1818629223646975,0.25,458.6537116919644,10.367257873032186,-3.6769503931997987
131.21,11.0,0.7440172588333646,-4.066617157146788,-0.1894328122760918,2.6640603095736886,96.90729928016663,1.1818629223646975,0.25,426.85786114601063,9.916886031809264,-4.759765900977304
131.41,11.0,0.7532269415433095,-4.101523742186674,-0.18650147570912676,2.664975798708603,96.9063150882721,1.1818629223646975,0.25,463.89443824620685,9.740055710354765,-5.111879767677008
131.5,11.0,0.7592867299530175,-4.118977034706618,-0.1738635961332069,2.6649726090714805,96.93903756141663,1.1818629223646975,0.25,470.5234459432104,9.64937449403623,-5.281057836631126
131.7,11.100000381469727,0.8051809423387719,-4.118977034706618,-0.17001901978782866,2.6639418974631255,96.96151375770569,1.1818629223646975,0.25,491.0583427101519,9.742583973697348,-5.319028669229341
131.8,11.300000190734865,0.9174136753670687,-4.118977034706618,-0.1581814269989347,2.664590740599435,96.98083901405334,1.1818629223646975,0.25,402.6890017094265,9.914610367087796,-5.421301096548981
132.0,11.399999618530273,0.9003028451609466,-4.031710572106901,-0.18449550292161715,2.673742729283505,97.03099465370178,1.1818629223646975,0.25,437.28752987200284,10.398644108047293,-4.672065069823378
132.1,11.600000381469727,1.0019176537015826,-4.031710572106901,-0.23559066339274914,2.675221176562496,97.09118294715881,1.1818629223646975,0.25,428.62607615569146,10.574037016473266,-4.769669802444501
132.3,11.600000381469727,1.0040431080782286,-4.031710572106901,-0.2402063514403033,2.6723678677239184,97.10490822792053,1.1818629223646975,0.25,434.3388960054508,10.58760329545954,-4.7394794342915025
132.4,11.600000381469727,0.9629425295952478,-4.34586983746588,-0.2384209601342356,2.668980324396198,97.11240029335022,1.1818629223646975,0.25,444.9497041308787,8.631132581493615,-7.750068335877896
132.61,11.600000381469727,0.8247514666623216,-4.34586983746588,-0.2327756031524446,2.6641805404958534,97.15231728553772,1.1818629223646975,0.25,460.68024195963517,8.66823167038515,-7.708551651161822
132.7,11.5,0.7581154795788656,-4.34586983746588,-0.2288465322482292,2.665922841639801,97.17897439002991,1.1818629223646975,0.25,486.62452218399636,8.580177379426491,-7.657059235605921
132.91,11.5,0.6676203942360083,-4.328416544945937,-0.21032963542156588,2.67064726822897,97.14120125770569,1.1818629223646975,0.25,449.19320380856516,8.676945339853829,-7.547225951910339
133.0,11.300000190734865,0.6288325294012629,-4.1887902047863905,-0.20293633792518814,2.673565631858385,97.1655695438385,1.1818629223646975,0.25,422.91687574012025,9.45716148918314,-6.184828282023627
133.2,11.199999809265137,0.4955858506298634,-4.049163864626845,-0.19735330095348458,2.6814078387185765,97.16782021522522,1.1818629223646975,0.25,496.80541178697604,10.097705383927886,-4.845239076344206
133.31,11.0,0.4272216000483728,-4.049163864626845,-0.19190381858517827,2.687417918796391,97.13367867469793,1.1818629223646975,0.25,485.06894757126423,9.888610174222194,-4.818235031862738
133.51,10.899999618530273,0.3458389647884066,-4.031710572106901,-0.1882882916094325,2.691868709534032,97.09323525428772,1.1818629223646975,0.25,623.595899356289,9.85996289766283,-4.64662494082237
133.6,10.800000190734863,0.3878172086217975,-3.822271061867582,-0.1841683935615023,2.6934586919844956,97.06222939491272,1.1818629223646975,0.25,596.510832462289,10.50929839051882,-2.4889056749727647
133.8,10.699999809265137,0.5624018534829401,-3.717551306747922,-0.17775563052489177,2.68671228356962,97.08214974403381,1.1818629223646975,0.25,535.3641759712555,10.621664843780252,-1.2923745063551035
133.9,10.699999809265137,0.5981842890733879,-3.7000980142279785,-0.18183138653809838,2.6809668348357043,97.06877541542053,1.1818629223646975,0.25,558.4316857490048,10.64878555229907,-1.0456396030279933
134.1,10.699999809265137,0.6956675015048588,-3.6826447217080354,-0.20509131289531413,2.6736613855661244,97.05589699745178,1.1818629223646975,0.25,565.5839936399207,10.671407967374385,-0.7816955367228754
134.2,10.800000190734863,0.7866868903622951,-3.8048177693476384,-0.22406492286779917,2.677641790461909,97.01197457313538,1.1818629223646975,0.25,493.660509899295,10.586273624413247,-2.1379464139508926
134.4,10.899999618530273,0.8147673302959263,-3.8746309394274117,-0.22734201285313216,2.681813369360836,97.00410866737366,1.1818629223646975,0.25,507.5262714928431,10.495571499890007,-2.9415932034624954
134.5,10.899999618530273,0.7877597078993163,-3.857177646907468,-0.22900322475246931,2.68472859435963,96.98751473426819,1.1818629223646975,0.25,582.9421255171183,10.537225945720005,-2.7887023958832984
134.7,11.0,0.8586325066122393,-3.857177646907468,-0.21842251330801823,2.690535945059229,96.97412514686584,1.1818629223646975,0.25,573.8329321534111,10.617375340979411,-2.875993892337452
134.8,11.100000381469727,0.8742649096260834,-3.717551306747922,-0.20619067219912282,2.689468405825564,96.97110390663147,1.1818629223646975,0.25,582.2159514964441,11.015000057155621,-1.3710514977526287
135.01,11.100000381469727,0.866793755430087,-3.543018381548489,-0.19924875858507776,2.6878657298263717,96.97198128700256,1.1818629223646975,0.25,544.9671679314488,11.084822287578373,0.5802786584338863
135.1,11.199999809265137,0.8013424699792417,-3.5255650890285457,-0.19735244317610504,2.680993873273683,96.9626047611236,1.1818629223646975,0.25,564.5037785456587,11.167134953628212,0.8573754457611446
135.31,11.100000381469727,0.8038442205072024,-3.5255650890285457,-0.19381890038756686,2.6775108810647494,96.96158242225647,1.1818629223646975,0.25,650.3811094875491,11.064402266268111,0.88826288835521
135.4,11.100000381469727,0.8305322509903642,-3.612831551628262,-0.18834548015787364,2.673823857563104,96.96262764930725,1.1818629223646975,0.25,600.2658489190218,11.099933550610247,-0.038518056351168034
135.6,11.100000381469727,0.7902714565474425,-3.5779249665883754,-0.18758993839832686,2.666578611220244,96.97591042518616,1.1818629223646975,0.25,619.1459661393457,11.091697083758785,0.42926014346190006
135.7,11.100000381469727,0.7925174444320249,-3.5779249665883754,-0.1892175765359144,2.6626670997354767,96.98650002479553,1.1818629223646975,0.25,506.1737519133021,11.08993318111679,0.47264204953952066
135.9,11.100000381469727,0.7588250530524109,-3.5779249665883754,-0.19465214020968943,2.6606665203899524,96.98751473426819,1.1818629223646975,0.25,631.3976186618672,11.088965431114763,0.4948273801739793
136.0,11.100000381469727,0.8024872971387439,-3.7524578917878086,-0.19634236406063296,2.6639351591706464,97.00244545936584,1.1818629223646975,0.25,604.4579679752496,11.001665033203947,-1.4742370792398587
136.2,11.100000381469727,0.8108130501813156,-3.7699111843077517,-0.18501729084147978,2.669934931075624,97.024578332901,1.1818629223646975,0.25,534.2327028691434,10.964067252090652,-1.7318307539310542
136.3,11.100000381469727,0.7932749695139476,-3.7699111843077517,-0.18758649801504093,2.671977300459916,97.0286676883697,1.1818629223646975,0.25,582.915360785657,10.960507349389772,-1.7542198016784722
136.51,11.0,0.8248290101598793,-3.7699111843077517,-0.19109687198916475,2.67210619521787,97.0337336063385,1.1818629223646975,0.25,510.9411362429784,10.861539503721806,-1.7398159698918327
136.6,11.0,0.8623423485017429,-3.6651914291880923,-0.1922017139032527,2.6693347221939536,97.0618326663971,1.1818629223646975,0.25,514.2383446086751,10.9855058316043,-0.564501216817042
136.8,11.100000381469727,0.8101573518406651,-3.7000980142279785,-0.18614612220362076,2.6677285787300202,97.0886652469635,1.1818629223646975,0.25,460.3494455971667,11.060263094968217,-0.9383968982856562
136.9,11.100000381469727,0.7524442883284045,-3.7000980142279785,-0.18598992571232892,2.667783427615895,97.09077095985413,1.1818629223646975,0.25,494.09459411713397,11.060211608307014,-0.9390035399820676
137.1,11.100000381469727,0.7218086993515636,-3.7000980142279785,-0.2031392819179481,2.6715581600768346,97.10773873329163,1.1818629223646975,0.25,487.8225527160684,11.056588333380546,-0.980746090882497
137.2,11.100000381469727,0.7223778583477012,-3.717551306747922,-0.20992180292878224,2.6726034414600566,97.13356423377991,1.1818629223646975,0.25,576.9766792644623,11.03655525099354,-1.1850977429710077
137.4,11.100000381469727,0.7864311337985099,-3.6826447217080354,-0.202112283297,2.668913614511374,97.11526131629944,1.1818629223646975,0.25,471.3479879200313,11.074064952067188,-0.7583494616766225
137.5,11.100000381469727,0.7803224516532102,-3.7000980142279785,-0.18976418346342308,2.6656552267011726,97.13894295692444,1.1818629223646975,0.25,520.8365346532738,11.062184947829035,-0.9154630788037187
137.71,11.100000381469727,0.7049137928934559,-3.7000980142279785,-0.18890971360523187,2.660842749067537,97.14979195594793,1.1818629223646975,0.25,443.41477699597453,11.066462476886482,-0.8622161656403683
137.8,11.100000381469727,0.7050441604421528,-3.6651914291880923,-0.19809813382070238,2.6601256625988245,97.1449625492096,1.1818629223646975,0.25,460.9006691700196,11.090150103980537,-0.4675244804376985
138.01,11.100000381469727,0.7049079960429088,-3.735004599267865,-0.2046685750460898,2.661077723428298,97.13741707801819,1.1818629223646975,0.25,483.68656696577085,11.029336646579655,-1.250496543395116
138.1,11.100000381469727,0.6844042615962885,-3.7524578917878086,-0.2074440052462473,2.660125989634127,97.13101601600647,1.1818629223646975,0.25,455.49597937724315,11.00720082286339,-1.4323192778789056
138.3,11.100000381469727,0.6642546746487221,-3.7524578917878086,-0.17956190587924295,2.6595485095391864,97.13270211219793,1.1818629223646975,0.25,518.1089788907194,11.008026123331438,-1.425962600028729
138.4,11.0,0.6700401256843437,-3.857177646907468,-0.1704181143247247,2.6592449253991934,97.12268471717834,1.1818629223646975,0.25,499.81345008022623,10.70215597721634,-2.54241173678312
138.6,11.0,0.7204158956056876,-3.735004599267865,-0.15956274347487584,2.660376386901445,97.13766884803772,1.1818629223646975,0.25,440.05964170815423,10.930839307392285,-1.231564872821462
138.7,10.899999618530273,0.6941400090520685,-3.7524578917878086,-0.17283832409498137,2.6616751992750896,97.1312906742096,1.1818629223646975,0.25,472.48531946824,10.806680178947833,-1.4232551401263707
138.91,10.899999618530273,0.815395654354078,-3.7524578917878086,-0.17703604893971603,2.665295533778582,97.14245247840881,1.1818629223646975,0.25,447.29125343674247,10.801456709973628,-1.4623695246160586
139.0,10.899999618530273,0.7973658085401868,-3.8048177693476384,-0.16166339955132886,2.664689634026646,97.14954018592834,1.1818629223646975,0.25,460.9804672569954,10.711344568434736,-2.0191803337552017
139.2,10.899999618530273,0.6993417094589143,-3.7000980142279785,-0.16412905201690173,2.660193964668226,97.14635872840881,1.1818629223646975,0.25,448.6346706802724,10.867613028889537,-0.8396301199161921
139.3,10.899999618530273,0.6576014361777618,-3.7000980142279785,-0.17373088188489624,2.6554776656030517,97.14915871620178,1.1818629223646975,0.25,411.9591786570999,10.871452094433218,-0.788366058632462
139.5,10.899999618530273,0.6235985603088464,-3.7000980142279785,-0.1896793844880406,2.6523293744736876,97.1491281986236,1.1818629223646975,0.25,504.9756804907229,10.873880218759467,-0.7541357119455867
139.6,11.100000381469727,0.6288099453181925,-3.839724354387525,-0.19312252609206057,2.652927911717998,97.13794350624084,1.1818629223646975,0.25,467.3233308907584,10.857375390565027,-2.308117868953189
139.8,11.199999809265137,0.6384719628671636,-3.8746309394274117,-0.20607163035510243,2.65736474478905,97.13637185096741,1.1818629223646975,0.25,447.9116292126419,10.855107613987157,-2.7580127657966274
139.9,11.300000190734865,0.6203647027716404,-3.857177646907468,-0.21258550980595625,2.659866251927334,97.11912941932678,1.1818629223646975,0.25,528.733550826284,10.992408272247587,-2.61858066265502
140.1,11.300000190734865,0.6735290859577141,-3.857177646907468,-0.21901313352774518,2.6592477024720473,97.10892128944397,1.1818629223646975,0.25,524.7002988708299,10.994025890920332,-2.6117808140005527
140.2,11.5,0.6994456347929423,-3.6651914291880923,-0.22052016525272408,2.6586458205754515,97.11308693885803,1.1818629223646975,0.25,587.5265227978524,11.490498971036537,-0.46736858752840427
140.4,11.5,0.7266247629538933,-3.839724354387525,-0.2216444554514978,2.6591866608524115,97.08252358436584,1.1818629223646975,0.25,578.8517652930458,11.233445053600194,-2.4616482745805337
140.5,11.600000381469727,0.7570743819999473,-3.839724354387525,-0.21826713457094174,2.6586003477564173,97.07997536659241,1.1818629223646975,0.25,577.3014570550913,11.332581456508398,-2.47640997851724
140.7,11.699999809265135,0.7762645358542906,-3.839724354387525,-0.21868369550759115,2.656748413045113,97.0637018680572,1.1818629223646975,0.25,606.818057574259,11.434881643523997,-2.4765858223372996
140.81,11.800000190734865,0.8374707656043183,-3.9095375244672983,-0.2218900352893411,2.6546386882986543,97.059002161026,1.1818629223646975,0.25,497.50926833062834,11.337217448488904,-3.2722324225246644
141.0,11.800000190734865,0.8464483220822648,-3.961897402027128,-0.22624715351157693,2.647054335692325,97.0424234867096,1.1818629223646975,0.25,475.6783769024842,11.179387677897092,-3.776413066472669
141.1,11.899999618530273,0.8487312895381391,-3.944444109507185,-0.23027279105934803,2.647092761001406,97.03899025917053,1.1818629223646975,0.25,528.9621582849286,11.338737869075135,-3.6115113813225204
141.3,11.899999618530273,0.8261550074674692,-3.944444109507185,-0.22698615210988302,2.6542638491301176,97.01752877235413,1.1818629223646975,0.25,577.5427144725618,11.3125480814091,-3.6927289132602112
141.4,11.899999618530273,0.8681200335364939,-3.857177646907468,-0.22401605842602781,2.6587268436598595,97.01203560829163,1.1818629223646975,0.25,537.380013873917,11.579209941897068,-2.7444285457072435
141.6,11.899999618530273,0.8812375450106485,-3.735004599267865,-0.22952504656154915,2.6624519579866925,97.01207375526428,1.1818629223646975,0.25,529.1910838531949,11.822389512759065,-1.3568703437046377
141.71,12.0,0.8540993793111112,-3.717551306747922,-0.23473375638909613,2.663371960304649,97.00399422645569,1.1818629223646975,0.25,544.5140927341599,11.942729359795635,-1.1709890856345924
141.9,12.0,0.9044968980699364,-3.717551306747922,-0.23066694837824095,2.6656506892509673,96.99315285682678,1.1818629223646975,0.25,565.7123043338288,11.940029988451348,-1.1982002649317351
142.0,12.0,0.9163345203532433,-3.8048177693476384,-0.22770851435670242,2.66830487104652,96.99388527870178,1.1818629223646975,0.25,468.0269682742619,11.784192820426597,-2.265568266684153
142.2,12.0,0.8193417264485446,-3.7000980142279785,-0.23039516755215583,2.6689147975604213,96.99065041542053,1.1818629223646975,0.25,518.1464640084886,11.95582896168843,-1.0286660482645094
142.3,12.0,0.8004498851409382,-3.7000980142279785,-0.23211988472762457,2.6680351842260546,96.97945046424866,1.1818629223646975,0.25,617.094596148767,11.956729164715004,-1.0181491450930134
142.5,12.0,0.8383799784899744,-3.6826447217080354,-0.22594558822422464,2.664981665788781,96.96774697303772,1.1818629223646975,0.25,531.2672795604813,11.975092704074642,-0.7727578720519521
142.6,11.899999618530273,0.8847590302928837,-3.6477381366681487,-0.2077308993221001,2.6596366627968226,96.98189187049866,1.1818629223646975,0.25,544.0622130192023,11.896518255756144,-0.28782687762168896
142.8,11.899999618530273,0.8309839758191001,-3.595378259108319,-0.21300425700367256,2.6546245478912285,96.98205208778381,1.1818629223646975,0.25,593.033649473382,11.893448803860101,0.3947992793552046
142.9,11.800000190734865,0.8568685925363893,-3.595378259108319,-0.21280899095025937,2.6534391130485537,96.97961068153381,1.1818629223646975,0.25,587.9127693964401,11.793032062282105,0.405461809951492
143.1,11.800000190734865,0.8560703918974197,-3.612831551628262,-0.21043298766746105,2.6478782282665687,96.98508095741272,1.1818629223646975,0.25,546.8480854167648,11.79701993511834,0.2651888982655428
143.2,11.600000381469727,0.8391104738881604,-3.8048177693476384,-0.20127618632075928,2.640788638102074,96.9940836429596,1.1818629223646975,0.25,595.6425143622691,11.447328890131622,-1.87581185923741
143.41,11.5,0.8335803072255027,-3.7873644768276953,-0.19203848935772933,2.6375909942271254,96.99377846717834,1.1818629223646975,0.25,498.2185030055698,11.384625453629393,-1.6249010063920075
143.5,11.300000190734865,0.8220536056808927,-3.822271061867582,-0.18049442158979795,2.6336020277469157,97.0060846805572,1.1818629223646975,0.25,484.8369673588567,11.131929435570985,-1.941687758646136
143.71,11.300000190734865,0.7512006644873078,-3.839724354387525,-0.17366470205697557,2.6205918488376208,97.01845192909241,1.1818629223646975,0.25,526.3933679586627,11.123192445680134,-1.9911288574505666
143.8,11.100000381469727,0.7580372253912206,-3.9269908169872414,-0.1659297703988458,2.61599864135173,97.02314400672913,1.1818629223646975,0.25,453.3007548395762,10.727487793333248,-2.8514933127248003
144.01,11.100000381469727,0.7488506574309169,-3.9968039870670147,-0.16071829415279323,2.614956802105645,97.03030800819397,1.1818629223646975,0.25,485.6094083645075,10.506183534771441,-3.581915130530805
144.1,11.0,0.7669257552094506,-4.014257279586958,-0.15488570571258808,2.6192450342025038,97.06328225135803,1.1818629223646975,0.25,533.3450246284774,10.331903612551885,-3.775151353381384
144.31,11.0,0.7824022486311776,-4.014257279586958,-0.15982970459349108,2.6233943614414152,97.07996773719793,1.1818629223646975,0.25,468.34409147348197,10.316150377525382,-3.8179891812684486
144.4,10.899999618530273,0.7882358962851188,-3.9968039870670147,-0.1644813063794969,2.6269359515590764,97.0965158939361,1.1818629223646975,0.25,464.8363709561091,10.274007823796907,-3.640708024618293
144.61,10.899999618530273,0.7722190415801204,-4.049163864626845,-0.16150931554033426,2.6304310400678412,97.12743020057678,1.1818629223646975,0.25,437.9677812783122,10.054739777669257,-4.208586423885779
144.7,10.800000190734863,0.7503467109516084,-4.049163864626845,-0.16989499566851612,2.6312998497903997,97.14870095252991,1.1818629223646975,0.25,477.91320751653984,9.9588683081889,-4.178629696446414
144.9,10.899999618530273,0.906190245741488,-4.066617157146788,-0.17328585273211702,2.6357314354313233,97.1808893680572,1.1818629223646975,0.25,484.713694322214,9.956384469098127,-4.436259684403259
145.0,11.100000381469727,0.9797932900865131,-4.014257279586958,-0.1882430590210908,2.631290024636838,97.24805855751038,1.1818629223646975,0.25,476.6407350753944,10.37919014462891,-3.934770693479634
145.2,11.199999809265137,0.9254937041482576,-4.031710572106901,-0.21341742691561283,2.626736037877668,97.26807045936584,1.1818629223646975,0.25,375.39852181465534,10.420612902136728,-4.104975331394897
145.3,11.300000190734865,0.9198784808726002,-4.031710572106901,-0.23016281322384902,2.6244972510009386,97.28478646278381,1.1818629223646975,0.25,437.17542896425584,10.522900309701907,-4.118078846098443
145.5,11.399999618530273,0.9066819344991052,-4.031710572106901,-0.23543511116433877,2.625904306441812,97.29223275184631,1.1818629223646975,0.25,439.8248010301031,10.610166637448623,-4.169455027705967
145.6,11.399999618530273,0.8528413948822632,-4.276056667386108,-0.22211805531820503,2.63299586878569,97.32934212684631,1.1818629223646975,0.25,473.2699441822696,9.239191265580873,-6.678123693112047
145.81,11.5,0.8489739890134365,-4.241150082346221,-0.21125086181091157,2.634816221045295,97.36215615272522,1.1818629223646975,0.25,415.43642721781,9.537987644732892,-6.4247016809282815
145.9,11.5,0.8049242266000532,-4.223696789826278,-0.21077648758791248,2.6393299120240212,97.36030220985413,1.1818629223646975,0.25,432.13943601454963,9.620319927475283,-6.300749518352715
146.11,11.600000381469727,0.7691688359358235,-4.223696789826278,-0.22262647269550997,2.6496403099057217,97.39606881141663,1.1818629223646975,0.25,408.86507381611955,9.637932446534288,-6.45525111875126
146.2,11.800000190734865,0.8113928820821835,-4.084070449666731,-0.22391472111336638,2.651418213051509,97.43703866004944,1.1818629223646975,0.25,449.0271783597418,10.613425616654387,-5.157053536767606
146.4,11.899999618530273,0.8178410801019284,-4.066617157146788,-0.2233350913822573,2.6528215153001318,97.43043923377991,1.1818629223646975,0.25,427.9407927171633,10.785459326943835,-5.028305681624865
146.5,11.899999618530273,0.7363398166249818,-4.049163864626845,-0.2398148521059875,2.649920206387401,97.43504738807678,1.1818629223646975,0.25,452.4757918734103,10.885567234137909,-4.807745512408473
146.7,11.899999618530273,0.6971038369881644,-4.049163864626845,-0.238478981016211,2.6346770955370533,97.41959023475647,1.1818629223646975,0.25,591.450385299231,10.957584774461658,-4.641263495160204
146.8,11.699999809265135,0.6622980544012309,-4.153883619746504,-0.23713419310947695,2.630747094717034,97.39207863807678,1.1818629223646975,0.25,516.1141773766359,10.259597391583947,-5.6241138768172245
147.01,11.600000381469727,0.6992072748577698,-4.276056667386108,-0.22859950891895997,2.64240199226497,97.37138772010803,1.1818629223646975,0.25,581.2156115398467,9.336950737398954,-6.883411928504855
147.1,11.600000381469727,0.6637752337271153,-4.258603374866164,-0.1982404528000493,2.632947506155342,97.32868599891663,1.1818629223646975,0.25,548.9599954000878,9.518765806638783,-6.629713897934218
147.3,11.600000381469727,0.6214733036998497,-4.241150082346221,-0.18445375080615017,2.63031246359014,97.30775094032288,1.1818629223646975,0.25,572.7782037102588,9.650016221323147,-6.437172964764731
147.4,11.699999809265135,0.6227308706036797,-3.9269908169872414,-0.17358775215450511,2.6365698750003976,97.29183602333069,1.1818629223646975,0.25,516.2376844542122,11.243133898104407,-3.2375817651605043
147.61,11.600000381469727,0.5732922318274375,-3.8048177693476384,-0.19221714786040506,2.6609270560183593,97.23980355262756,1.1818629223646975,0.25,534.4230312351501,11.407234372998358,-2.1059470101554214
147.7,11.600000381469727,0.5817375046153386,-3.7699111843077517,-0.2009935573855747,2.6703306521329018,97.19002175331116,1.1818629223646975,0.25,562.808274964642,11.457227049002892,-1.8143751535154706
147.9,11.5,0.6721649462630742,-3.7524578917878086,-0.20813946095112418,2.6745367352307228,97.15491127967834,1.1818629223646975,0.25,624.8725343327752,11.381288359825996,-1.6481126388961636
148.0,11.5,0.7182408439907316,-3.2812189937493397,-0.2044180007698765,2.6734735186406064,97.11491799354553,1.1818629223646975,0.25,551.7180732587295,10.885091183582514,3.710092980653482
148.2,11.5,0.7302655285874937,-3.4557519189487724,-0.21712474797143608,2.6672505950178254,97.07251381874084,1.1818629223646975,0.25,505.04658643321096,11.352778662849687,1.8342346175843733
148.31,11.600000381469727,0.7661792050322555,-3.4382986264288293,-0.22675057603670246,2.662907461698914,97.06313729286194,1.1818629223646975,0.25,554.7077457934284,11.408454531480798,2.0993270477067347
148.5,11.699999809265135,0.7859817434109868,-3.4382986264288293,-0.21975123745568137,2.660847422023249,97.01329445838928,1.1818629223646975,0.25,501.87706132053427,11.502416319804253,2.1411245509556456
148.6,11.800000190734865,0.7570909700968584,-3.6477381366681487,-0.2264472441650992,2.6572308476511446,97.00124764442444,1.1818629223646975,0.25,534.9281090740116,11.797200582720684,-0.25702706549619253
148.8,11.899999618530273,0.7904401120599268,-3.473205211468716,-0.22909589631142468,2.649836651533313,96.95689034461975,1.1818629223646975,0.25,562.4493248976723,11.747732220814958,1.8975717612376872
148.9,11.899999618530273,0.8311600163454356,-3.473205211468716,-0.22217752066239327,2.646251702913759,96.94497323036194,1.1818629223646975,0.25,511.6124799734025,11.740854048116091,1.939674493789266
149.1,12.0,0.7772502348701642,-3.490658503988659,-0.23291911854799882,2.6429371126004813,96.9184000492096,1.1818629223646975,0.25,463.5739026080118,11.8659877268944,1.7883890139428582
149.2,12.100000381469727,0.7561711464319156,-3.612831551628262,-0.24470308670648636,2.642125992305839,96.89504647254944,1.1818629223646975,0.25,580.0369061691346,12.095180021367119,0.3415105888391395
149.4,12.100000381469727,0.8253710730359126,-3.839724354387525,-0.24558552719946192,2.641894797160504,96.85947060585022,1.1818629223646975,0.25,629.245234924987,11.862556300234,-2.385323302059107
149.51,12.100000381469727,0.8860698458387087,-3.857177646907468,-0.2397884989414851,2.6438439614096216,96.8506510257721,1.1818629223646975,0.25,542.7034241456059,11.814045280508749,-2.615022627369883
149.7,12.100000381469727,0.8839078739789226,-3.857177646907468,-0.23266614294825216,2.6396684038957603,96.83164620399481,1.1818629223646975,0.25,478.28821799343865,11.82486143571227,-2.5656697483838906
149.81,12.100000381469727,0.866973244233643,-3.8746309394274117,-0.23723492464351117,2.634946176090967,96.82548928260803,1.1818629223646975,0.25,516.5503717611864,11.791240336576932,-2.7160008388527177
150.0,12.100000381469727,0.8839487334514685,-4.084070449666731,-0.23750760718297953,2.635981761627297,96.81752419471741,1.1818629223646975,0.25,444.0941664942148,10.963589273482055,-5.119542896973981
150.1,12.0,0.8372639557909592,-4.066617157146788,-0.23237851758591913,2.648446487570704,96.80174660682678,1.1818629223646975,0.25,573.0966798671434,10.89817347089416,-5.02292892626391
150.31,12.100000381469727,0.8626394657217323,-4.066617157146788,-0.2116425435559346,2.657502965670286,96.79223275184631,1.1818629223646975,0.25,607.3909229491837,10.942672771288859,-5.164099326316348
150.4,12.0,0.8541264922214612,-3.4557519189487724,-0.20020011655026645,2.657907767286894,96.78802132606512,1.1818629223646975,0.25,488.9442739811493,11.827978950886003,2.0245774713252347
150.6,12.0,0.8341898039659952,-3.385938748868999,-0.19840716561419156,2.6582153029267186,96.79125618934631,1.1818629223646975,0.25,519.6587594633894,11.658813506060927,2.8411384392337062
150.71,11.899999618530273,0.8562635001069105,-3.368485456349056,-0.2099874870116122,2.661231556413651,96.79053902626038,1.1818629223646975,0.25,549.7182826919015,11.519777091432225,2.984078867043222
150.9,11.899999618530273,0.9060049465092599,-3.368485456349056,-0.21480186022702655,2.6598833399173425,96.79424691200256,1.1818629223646975,0.25,597.4419091008095,11.515743438619111,2.9996073037852065
151.0,11.899999618530273,0.9784786180798188,-3.263765701229396,-0.21429435232651367,2.656516944435891,96.80043435096741,1.1818629223646975,0.25,501.28619174920465,11.124956803426068,4.224372976303665
151.21,12.0,0.9537915309353469,-3.4382986264288293,-0.2153993771495876,2.656752562283297,96.81797432899481,1.1818629223646975,0.25,478.2410391725425,11.788258965683887,2.2443151645821513
151.3,12.0,0.9564928359479868,-3.4382986264288293,-0.2146621774941848,2.653267807382898,96.82726693153381,1.1818629223646975,0.25,513.175930344205,11.780366517857441,2.285380647713499
151.4,12.100000381469727,0.9578526690508724,-3.4382986264288293,-0.21347802211999525,2.6467907403752884,96.83636116981512,1.1818629223646975,0.25,503.54705376304986,11.863361633258918,2.3813147608176126
151.61,12.100000381469727,1.0110730976988134,-3.193952531149623,-0.21878598122473206,2.6481197538517867,96.8899958133697,1.1818629223646975,0.25,424.7010752416463,10.941752321260653,5.166049300166875
151.8,12.100000381469727,0.8982090730513728,-3.2288591161895095,-0.222460336693974,2.648277526834398,96.89551186561584,1.1818629223646975,0.25,511.673350957979,11.11613360259277,4.779286867397206
151.91,12.0,0.8611102962792622,-3.2288591161895095,-0.2215050912825872,2.6481359723169806,96.89223122596741,1.1818629223646975,0.25,515.5687818753505,11.023593333369469,4.741348966327221
152.11,12.0,0.8548124159128087,-3.2288591161895095,-0.2010053337255628,2.6457000377889126,96.91804146766663,1.1818629223646975,0.25,547.4331838269646,11.012011023378657,4.76818762434816
152.2,11.899999618530273,0.8600552939383811,-3.2288591161895095,-0.193973207047237,2.639201651842045,96.95368599891663,1.1818629223646975,0.25,469.56623798507644,10.889286246494539,4.7993161974312075
152.4,11.699999809265135,0.7652423909846721,-3.473205211468716,-0.20991590326111462,2.628626082282442,96.95261025428772,1.1818629223646975,0.25,487.6284801760121,11.508124288225126,2.1102300593933245
152.51,11.600000381469727,0.781596167861393,-3.473205211468716,-0.2034867164000065,2.616229915346958,96.96203255653381,1.1818629223646975,0.25,559.2375120542309,11.382953661552465,2.2334669885734075
152.7,11.5,0.8131267889472741,-3.473205211468716,-0.1815729016713593,2.613592745756908,96.97963356971741,1.1818629223646975,0.25,530.1169775240705,11.278945890385819,2.2439651516342325
152.8,11.399999618530273,0.8006878918898146,-3.5255650890285457,-0.12306608826900349,2.615943336638222,96.98122048377991,1.1818629223646975,0.25,462.4390453740489,11.285778540369524,1.6097186214444825
152.9,11.300000190734865,0.6320981224045368,-3.368485456349056,-0.03984344397591255,2.6220528219716313,96.99191689491272,1.1818629223646975,0.25,412.32123366786254,10.819564811924524,3.2599112857825796
153.1,11.199999809265137,-0.011052256995214515,-3.368485456349056,0.18752940810887,2.644270444381577,97.05215096473694,1.1818629223646975,0.25,488.55607707526366,10.792950054931316,2.9920268781040735
153.3,11.100000381469727,-0.09241713007124552,-3.368485456349056,0.2127694618203125,2.6428470480363115,97.09504342079163,1.1818629223646975,0.25,423.06707639717206,10.692353329707208,2.9805349756926622
153.4,10.800000190734863,-0.07838997193458275,-3.0543261909900767,0.21762740313393822,2.638613418826487,97.14200234413147,1.1818629223646975,0.25,408.7120772819617,8.972682900376336,6.010903899511885
153.6,10.699999809265137,-0.0903023762522666,-3.07177948351002,0.23987947004698823,2.6331792908071145,97.21545052528381,1.1818629223646975,0.25,409.3561995925229,8.960535470109402,5.847974008764508
153.7,10.399999618530273,-0.10644950722212863,-3.0892327760299634,0.2827091683036892,2.629560015822009,97.2368586063385,1.1818629223646975,0.25,494.1488598105571,8.787102172900443,5.562987279190755
153.9,10.199999809265137,-0.06638932516686064,-3.0892327760299634,0.34439514286364287,2.6283314470018535,97.29100441932678,1.1818629223646975,0.25,503.4971636113624,8.611410011533268,5.46659068545226
154.0,10.0,-0.07298089176030667,-3.1590459461097367,0.2153704510997036,2.6021429965925904,97.31699013710022,1.1818629223646975,0.25,389.31558285851503,8.668254971463362,4.986116299255433
154.2,9.899999618530273,-0.0853561250615628,-3.246312408709453,-0.11639064120031557,2.4151315499741024,97.38567757606512,1.1818629223646975,0.25,399.48984891295555,8.04736753118151,5.766269874449612
154.3,9.5,-0.10782478346671266,-3.2114058236695664,-0.14990215549167024,2.2958627327428722,97.3731501102447,1.1818629223646975,0.25,481.36401869569085,6.780903052515155,6.653521908913403
154.5,9.300000190734863,-0.0741971438782621,-3.193952531149623,-0.0732083492724236,2.0092850033066116,97.39629006385803,1.1818629223646975,0.25,381.69997449458606,4.383782249710572,8.201978830428118
154.6,9.0,-0.11391649209422886,-4.153883619746504,-0.0470632639373694,1.850481087365181,97.38463234901428,1.1818629223646975,0.25,291.52060180755507,8.652426332957763,2.4769978911454626
154.8,8.800000190734863,-0.2787834019502822,-4.310963252425994,-0.023387442445042723,1.5180924812486258,97.39896035194397,1.1818629223646975,0.25,386.35021605387743,7.908060397327945,3.860386523283261
154.9,8.399999618530272,-0.3808918832475726,-4.153883619746504,-0.014513897145780634,1.3527901642123255,97.36594796180725,1.1818629223646975,0.25,317.45512349050847,5.9922454103170875,5.8866789052777895
155.1,8.300000190734862,-0.4553086368100386,-4.049163864626845,-0.002023084616145061,1.0330693267097477,97.33655190467834,1.1818629223646975,0.25,533.0829898813645,3.000202572802193,7.73878463896947
155.21,8.100000381469728,-0.3423655804108716,-4.71238898038469,0.014195271399550274,0.8782289596367573,97.35689187049866,1.1818629223646975,0.25,565.5979272194745,6.233835221431525,5.171972990247486
155.4,8.100000381469728,-0.3223525374706377,-4.974188368183839,0.08842680502298352,0.599789695915656,97.2990152835846,1.1818629223646975,0.25,397.97552152586655,6.14691519476677,5.274982442449942
155.5,8.0,-0.3635667409365408,-4.694935687864747,0.12208517512677865,0.49058396557893347,97.2753336429596,1.1818629223646975,0.25,451.38417871657276,3.645402161971859,7.121168659531306
155.7,7.9000000953674325,-0.3690289004583403,-4.537856055185257,0.18135561815185774,0.34894306256338364,97.207683801651,1.1818629223646975,0.25,522.1303758433496,1.3708653227210013,7.780149726950407
155.8,7.5999999046325675,-0.4063233409709037,-5.1487212933832724,0.19869189578445118,0.3124625785935374,97.17494606971741,1.1818629223646975,0.25,426.0022432589504,5.173749341626794,5.567074303476769
156.0,7.5,-0.4866340826859753,-4.71238898038469,0.1552077776640295,0.29942599544690496,97.13438057899481,1.1818629223646975,0.25,537.5821775456425,2.2122884288458295,7.166294712582985
156.1,7.199999809265138,-0.262481523070526,-4.485496177625427,-0.03813551348615254,0.29114994028963165,97.04214882850647,1.1818629223646975,0.25,642.5568336843279,0.4623330639921649,7.185140596492015
156.3,7.0999999046325675,0.11141591244960616,-4.39822971502571,-0.07588572429979841,0.329776220233975,96.99111580848694,1.1818629223646975,0.25,343.4629260329529,0.11087587108882328,7.099134115298342
156.4,7.0,0.022834508653560424,-4.1887902047863905,-0.05305401230394648,0.3515033589756076,96.99340462684631,1.1818629223646975,0.25,392.9993401364773,-1.198730307873099,6.896596671474015
156.6,6.9000000953674325,-0.3267545171829489,-4.34586983746588,-0.0713056235114545,0.37338519333093695,96.92834115028381,1.1818629223646975,0.25,449.5840004853235,0.0473753762629782,6.899837453867629
156.7,6.9000000953674325,-0.34859623669805784,-4.276056667386108,-0.13993072585834604,0.3739548022926721,96.80361580848694,1.1818629223646975,0.25,440.74383615481196,-0.4301257698945375,6.886580656475549
156.9,6.9000000953674325,-0.23164733957320446,-4.258603374866164,-0.15411058124242977,0.37019573050080357,96.76438546180725,1.1818629223646975,0.25,492.8731584270062,-0.5760987056929008,6.8759080562038895
157.0,6.800000190734862,-0.1369750864043305,-4.241150082346221,-0.1629427944323125,0.36347596801826465,96.70968270301819,1.1818629223646975,0.25,396.1555540416739,-0.7313704753491,6.760554697787882
157.2,6.699999809265138,0.016088674842763526,-4.241150082346221,-0.17408565647141402,0.3489994071177163,96.6090738773346,1.1818629223646975,0.25,587.6221703706725,-0.8169664275086425,6.6500047594326315
157.3,6.5,0.1371035933762737,-4.293509959906051,-0.17379746775913357,0.341859513465192,96.57942605018616,1.1818629223646975,0.25,527.3949470455556,-0.5001319889725437,6.48073051388548
157.5,6.5,0.2207930461670953,-4.328416544945937,-0.17082210491410288,0.3371898037390416,96.55505776405334,1.1818629223646975,0.25,481.93177915873093,-0.3039761966042657,6.492888299662794
157.6,6.4000000953674325,0.2187106834992209,-4.380776422505767,-0.16046980486552403,0.3369470629219233,96.45079445838928,1.1818629223646975,0.25,554.6666166928517,0.03414067086021035,6.399909033361049
157.8,6.300000190734862,0.2013131983091961,-4.4156830075456535,-0.09865265617726687,0.3375512655777659,96.35448098182678,1.1818629223646975,0.25,564.3183922377939,0.25725380707169165,6.294745656657338
157.9,6.199999809265138,0.0768552751533137,-4.468042885105484,-0.04767473049858699,0.3358903348130612,96.32551217079163,1.1818629223646975,0.25,551.3656748951072,0.5667818547967739,6.174038869650957
158.1,6.0999999046325675,-0.29920938644532946,-4.485496177625427,0.025403572773242317,0.3351102960457122,96.23064827919006,1.1818629223646975,0.25,596.2783110335295,0.6588389928368861,6.064316121215566
158.21,5.9000000953674325,-0.4177931068921349,-4.642575810304916,0.03820283486578854,0.3337433851630617,96.16431069374084,1.1818629223646975,0.25,564.3587028274014,1.5391724196281342,5.6956956895529265
158.4,5.800000190734862,-0.3439548417791233,-4.747295565424577,0.046590378951969595,0.32725416689527353,96.11216378211975,1.1818629223646975,0.25,591.5612699364792,2.054914838835745,5.423774259467027
158.52,5.5,-0.2924437034507403,-4.76474885794452,0.05194208838138197,0.3238387931861301,96.07162880897522,1.1818629223646975,0.25,577.749849466498,2.0206320087357827,5.115373523533975
158.7,5.400000095367432,-0.2267411962982165,-4.76474885794452,0.06814815932328229,0.32218165971651763,96.03642678260803,1.1818629223646975,0.25,517.4106339575555,1.9755678276555357,5.02564749940748
158.8,5.300000190734863,-0.20827921418534195,-4.729842272904633,0.06622634660572418,0.32180619870313787,96.03869271278381,1.1818629223646975,0.25,478.41544048795913,1.763781141603981,4.997907372722282
159.0,5.199999809265137,-0.18770461374724315,-4.76474885794452,0.056310139604449076,0.32311388430256016,96.04351449012756,1.1818629223646975,0.25,513.9402467597866,1.9069092303951465,4.837736578544893
159.1,5.0,-0.3208516698108896,-4.817108735504349,0.07356921297886565,0.32331897793665354,95.97220253944397,1.1818629223646975,0.25,438.2370571138017,2.0754363866681618,4.548907979382943
159.3,5.0,-0.4283535819784948,-4.852015320544236,0.0756864551775945,0.32070917672687116,95.95954537391663,1.1818629223646975,0.25,430.1917446972366,2.221243613579729,4.479517475033585
159.4,5.0,-0.5010983420955963,-4.817108735504349,0.06489845362243044,0.3159872316322907,95.94020485877991,1.1818629223646975,0.25,445.0231910957373,2.042029464422212,4.564002154516531
159.6,5.099999904632568,-0.4505262034109558,-4.852015320544236,0.040401227862168446,0.305503483326862,95.89727425575262,1.1818629223646975,0.25,576.3919959424858,2.1959327482934787,4.603029262586157
159.7,5.199999809265137,-0.3542425150541896,-4.939281783143953,0.04046291662708561,0.3008241998414245,95.89100289344793,1.1818629223646975,0.25,490.1913270972437,2.6185235476842172,4.492586387214019
159.9,5.300000190734863,-0.3138781192830278,-4.974188368183839,0.03191269429010731,0.2945102008841262,95.84772896766663,1.1818629223646975,0.25,565.9238535655968,2.7986962012453245,4.500811215206052
160.0,5.599999904632568,-0.029095103877467218,-4.974188368183839,0.008134856850835901,0.29317909400825154,95.85669350624084,1.1818629223646975,0.25,572.1534087697365,2.9507800156041926,4.759505881012828
160.2,5.699999809265138,0.12383035012185435,-4.991641660703783,0.0051573330171603956,0.29729620226577536,95.85254311561584,1.1818629223646975,0.25,606.4587867709635,3.1072634005739626,4.778588911496378
160.3,5.9000000953674325,0.26935644303531675,-5.061454830783556,0.009293825332537286,0.30173022313752207,95.87237191200256,1.1818629223646975,0.25,514.264630189864,3.57433779316382,4.694050539320652
160.51,6.0,0.2541619403644457,-5.113814708343385,0.04392996379821655,0.3049942318996093,95.9070627689361,1.1818629223646975,0.25,448.65737674164853,3.894687802155903,4.564143613399782
160.6,6.199999809265138,0.15224839437531368,-5.183627878423159,0.04398064209073472,0.30452846327721156,95.93869423866272,1.1818629223646975,0.25,556.0675575047353,4.341637214179567,4.426079973897765
160.8,6.300000190734862,0.14173730229069378,-5.183627878423159,0.010889916833071894,0.31106588560279635,95.97023415565491,1.1818629223646975,0.25,402.2604665737563,4.440971260310242,4.468531824700118
160.9,6.199999809265138,0.21163596910315347,-5.1487212933832724,-0.005276266095977877,0.31387835166560984,95.99041390419006,1.1818629223646975,0.25,550.2500135244954,4.227115762455378,4.5355804441867225
161.11,6.199999809265138,0.34612125449841274,-5.113814708343385,0.008946966212020851,0.3169857636786688,96.05138802528381,1.1818629223646975,0.25,570.331896915479,4.080775337755225,4.667683609420895
161.21,6.0,0.2886826824345908,-5.026548245743669,0.032416928309846174,0.3127840393871827,96.09878945350647,1.1818629223646975,0.25,560.0875997190087,3.5200326938254376,4.8589473998387795
161.4,5.800000190734862,0.2866784946982027,-4.956735075663896,0.06680574801488137,0.3215376968137648,96.16938424110413,1.1818629223646975,0.25,522.9785567952131,3.109739977981327,4.895867592354713
161.5,5.5,0.008504829963749709,-4.904375198104066,0.1137824936300935,0.33142522127526336,96.26391243934631,1.1818629223646975,0.25,549.9451564331321,2.7491076413315394,4.763654812890261
161.7,5.400000095367432,-0.09378180362725977,-4.869468613064179,0.11286146142913371,0.33596818400965783,96.31997323036194,1.1818629223646975,0.25,417.95632390651014,2.5558896346981754,4.756829743138879
161.8,5.099999904632568,-0.1705823938525431,-4.71238898038469,0.10435086831435673,0.3433507902208802,96.35290169715881,1.1818629223646975,0.25,466.5320170557532,1.7168853225271665,4.802322752225531
162.01,5.099999904632568,-0.17174549434699155,-4.782202150464463,0.08838276766419455,0.35620328241141774,96.44875741004944,1.1818629223646975,0.25,483.9844100275404,2.1075576010759502,4.644157618492205
162.1,5.0,-0.20334918741691693,-4.76474885794452,0.096371099738835,0.35875921158175866,96.46562600135803,1.1818629223646975,0.25,421.91319979255786,1.9981770906163652,4.583370846280706
162.3,5.0,-0.420963999420532,-4.76474885794452,0.09165993882265752,0.35059910130655786,96.53346657752991,1.1818629223646975,0.25,451.8892511879385,1.9607101678085042,4.599523414208514
162.4,5.0,-0.4903409934939143,-4.817108735504349,0.07931160330699864,0.33793000573202725,96.52444863319397,1.1818629223646975,0.25,444.7709495492745,2.1416767124456477,4.518099252934579
162.6,5.0,-0.4675331677688698,-4.904375198104066,0.04170906372857536,0.30944127058460685,96.53907418251038,1.1818629223646975,0.25,495.66580850069295,2.4033889427675956,4.3844864681947024
162.7,5.099999904632568,-0.3293930654343775,-4.886921905584122,0.02480123322689779,0.2958704090169261,96.56457924842834,1.1818629223646975,0.25,521.5607747779359,2.3115537842716805,4.546066225834318
162.9,5.199999809265137,-0.25942929768606365,-4.852015320544236,0.04249043613117824,0.27967668853755256,96.528240442276,1.1818629223646975,0.25,459.57721009440866,2.117044500224123,4.749538988199618
163.0,5.300000190734863,-0.2595341224936635,-4.782202150464463,0.056475699368882734,0.2780465186474901,96.59652352333069,1.1818629223646975,0.25,544.8041141420618,1.8066983750371688,4.9825538635751485
163.2,5.300000190734863,-0.2806679483799176,-4.76474885794452,0.07842234595965203,0.28102466038200696,96.64461159706116,1.1818629223646975,0.25,543.1556025238824,1.734388399760381,5.008183193590886
163.3,5.400000095367432,-0.30489564386613865,-4.729842272904633,0.08482064396181267,0.28515488582363574,96.64259743690491,1.1818629223646975,0.25,553.4602303123393,1.6092588162044736,5.154637435594908
163.5,5.400000095367432,-0.29449870173168546,-4.71238898038469,0.08737372306827765,0.2901665198649266,96.64255928993225,1.1818629223646975,0.25,595.6773862107219,1.5450036812990933,5.174259817088868
163.6,5.400000095367432,-0.11126929557279208,-4.71238898038469,0.08198227324652961,0.3061378197154513,96.67030739784241,1.1818629223646975,0.25,552.3389326904254,1.6274427756171705,5.148925231741062
163.8,5.400000095367432,-0.06129238569372339,-4.6774823953448035,0.0823186231507565,0.31061497637749486,96.69258522987366,1.1818629223646975,0.25,602.6001398090739,1.4700346951300833,5.1960561029575185
163.9,5.400000095367432,-0.007140207161709711,-4.625122517784973,0.08212551294617679,0.31576628877633434,96.7190973758697,1.1818629223646975,0.25,520.808625350106,1.2231896546387964,5.25963954076255
164.1,5.400000095367432,-0.02070713588701778,-4.590215932745087,0.08075154275804705,0.32312186811948457,96.73432564735413,1.1818629223646975,0.25,510.6767264587688,1.0778354207688772,5.291339323432608
164.2,5.300000190734863,-0.06994500467621448,-4.590215932745087,0.0766927044348601,0.3254607435321956,96.72761178016663,1.1818629223646975,0.25,549.6240286457615,1.0700192229073688,5.190863211875102
164.4,5.300000190734863,0.0013557151007113355,-4.625122517784973,0.07132711045115751,0.32094067704688023,96.77557015419006,1.1818629223646975,0.25,494.7257424987038,1.2272332538607162,5.155957773528409
164.5,5.199999809265137,-0.03264729876995276,-4.642575810304916,0.07675719331096462,0.31655226940490927,96.79378914833069,1.1818629223646975,0.25,476.8391667902033,1.2700641893931286,5.04251276361088
164.7,5.199999809265137,-0.12905724597212073,-4.642575810304916,0.07451212535124052,0.3113830506593905,96.8396646976471,1.1818629223646975,0.25,480.1901711010724,1.2439814854322346,5.049010604094556
164.8,5.099999904632568,-0.15449362823689974,-4.6600291028248595,0.06879250203411778,0.30998646617388365,96.8530695438385,1.1818629223646975,0.25,505.571293670695,1.299409539553954,4.931686717114986
165.0,5.0,-0.16430327533470968,-4.694935687864747,0.06371300064348567,0.308663903789283,96.86189675331116,1.1818629223646975,0.25,525.9952020159946,1.4355603805654582,4.789484982098885
165.1,5.0,-0.1806571002699967,-4.71238898038469,0.0692655952131797,0.30270367527717773,96.93840432167053,1.1818629223646975,0.25,544.6013073576614,1.4905102152828325,4.772670038682491
165.3,4.900000095367432,-0.19925770279117652,-4.71238898038469,0.06633573294804396,0.3014295565884534,96.94416451454163,1.1818629223646975,0.25,518.2212972578565,1.45473952613891,4.67907403720971
165.4,4.800000190734863,-0.20539380654445347,-4.6774823953448035,0.06166929300410771,0.29986338962716347,96.9479563236236,1.1818629223646975,0.25,540.1069702369568,1.2569644355615426,4.632498487726486
165.61,4.800000190734863,-0.1142917851097676,-4.6774823953448035,0.0582204092211747,0.2983407087996957,96.99061989784241,1.1818629223646975,0.25,605.7298670446326,1.2499091644852847,4.634407072279087
165.7,4.699999809265137,0.01623214234755646,-4.6600291028248595,0.06370868393367946,0.3032856789015642,97.03615212440491,1.1818629223646975,0.25,617.6514332283114,1.1670140581865307,4.552809725333064
165.91,4.699999809265137,0.02821991355050335,-4.6600291028248595,0.0671151668081787,0.3062985671460318,97.06023812294006,1.1818629223646975,0.25,553.5024560992314,1.180725847555996,4.549272983676127
166.0,4.599999904632568,0.01487849665326485,-4.642575810304916,0.06743481842917183,0.3082237580508438,97.07815957069397,1.1818629223646975,0.25,560.2830068709955,1.0863289421002236,4.469886861227591
166.2,4.599999904632568,0.07044804086102516,-4.642575810304916,0.0662487570052564,0.3124769855938486,97.12838387489319,1.1818629223646975,0.25,570.1144229294732,1.1053305048928868,4.4652260410390054
166.3,4.5,0.12274310411108105,-4.6600291028248595,0.06689720753995113,0.3137331768932931,97.16185402870178,1.1818629223646975,0.25,508.8716944995685,1.1628335329524284,4.347162082858353
166.5,4.599999904632568,0.1387340993985784,-4.6600291028248595,0.07046921596996307,0.3137735957058199,97.19955086708069,1.1818629223646975,0.25,444.48632651591475,1.188853864242889,4.443717544139635
166.7,4.5,-0.07364023159916344,-4.625122517784973,0.07208073675900974,0.3173026920269132,97.28583931922913,1.1818629223646975,0.25,446.5792124268482,1.0260575944260013,4.3814616069207695
166.8,4.5,-0.19692782294379504,-4.625122517784973,0.0749568519226188,0.31724742754378066,97.29793190956116,1.1818629223646975,0.25,434.02762592687213,1.0258154536481818,4.381518304772511
166.9,4.5,-0.3197675147916376,-4.642575810304916,0.07185410875054514,0.3164992925699723,97.29919838905334,1.1818629223646975,0.25,469.23078562445517,1.098862873113928,4.36377134897004
167.1,4.400000095367432,-0.4125917378600641,-4.6600291028248595,0.0545481624224287,0.30851631351603864,97.32862496376038,1.1818629223646975,0.25,509.88311402656836,1.1148028576769762,4.256432241648944
167.2,4.400000095367432,-0.36883491564364346,-4.729842272904633,0.04736595212665216,0.3051072198514056,97.347820520401,1.1818629223646975,0.25,532.0067978244224,1.3947826757854247,4.173078255504233
168.0,4.5,-0.5290590934173873,-4.869468613064179,0.03597360555819986,0.3077272433942959,97.27064156532288,1.1818629223646975,0.25,570.86537326932,2.0171257863940926,4.022586675494266
168.1,4.5,-0.5353351232584768,-4.9218284906240095,0.03717931392706538,0.3068004170357644,97.226482629776,1.1818629223646975,0.25,534.5228622123141,2.221261064221318,3.913566057264701
168.3,4.400000095367432,-0.44847442529325615,-4.939281783143953,0.03453579103580611,0.3093588128459425,97.17684578895569,1.1818629223646975,0.25,584.4251387786426,2.2480364566832693,3.7823713366955842
168.4,4.5,-0.4000047629685355,-4.9218284906240095,0.0321659569167759,0.3080388014854118,97.14598488807678,1.1818629223646975,0.25,602.953325080758,2.226105859072169,3.9108122818929267
168.6,4.5,-0.2730182846602151,-4.904375198104066,0.026216243036550155,0.3132263630057481,97.08845162391663,1.1818629223646975,0.25,537.3265989701978,2.177970635768299,3.937822229320546
168.7,4.599999904632568,-0.25152269832499685,-4.939281783143953,0.027478704639500844,0.3124745559047692,97.03542733192444,1.1818629223646975,0.25,560.5976736591474,2.3625289784638666,3.946955275720529
168.91,4.699999809265137,-0.1740119201757937,-4.974188368183839,0.03401989465396434,0.30183917774569696,97.00970101356512,1.1818629223646975,0.25,618.4570383279715,2.511047598391627,3.972988568534267
169.0,4.699999809265137,-0.14520581772643354,-5.061454830783556,0.03369353633522748,0.2948143944560973,96.95610451698303,1.1818629223646975,0.25,566.0695386611696,2.8214252343797472,3.7589304135481822
169.2,4.699999809265137,-0.07662622187988077,-5.113814708343385,0.031761648983896364,0.283818782775283,96.91511940956116,1.1818629223646975,0.25,567.2394888384916,2.9744529072384305,3.639042196748091
169.31,4.800000190734863,-0.05443566673962687,-5.1312680008633285,0.03314786915725237,0.2806925350212783,96.91791939735413,1.1818629223646975,0.25,505.58591061536936,3.090671814130661,3.6725671632242496
169.5,4.800000190734863,-0.07194137471862183,-5.1487212933832724,0.033658079706051634,0.28068614450825485,96.92042183876038,1.1818629223646975,0.25,549.4739387723894,3.154273103268118,3.6180883102895707
169.6,4.900000095367432,-0.14177345990636944,-5.1661745859032155,0.03921428475590882,0.28448902835320145,96.85652565956116,1.1818629223646975,0.25,520.3345737125782,3.297762686098408,3.6241912478203813
169.8,5.0,-0.2228492465245676,-5.1661745859032155,0.024978002218793288,0.2882016573247472,96.81017708778381,1.1818629223646975,0.25,475.2343773353059,3.378770551684208,3.685635570572814
169.9,5.199999809265137,-0.2447038895769589,-5.183627878423159,0.01916916788850863,0.29116866051062795,96.7944986820221,1.1818629223646975,0.25,458.49500624096976,3.5914554344019574,3.7605113853121237
170.1,5.199999809265137,-0.34600318109604805,-5.201081170943102,0.024833728246039175,0.2979345396757971,96.73234963417053,1.1818629223646975,0.25,481.7827476659367,3.6814697363389537,3.672434968352449
170.2,5.300000190734863,-0.5195555484648949,-5.183627878423159,0.03229692179981829,0.30013268642320945,96.67965340614319,1.1818629223646975,0.25,459.53144279970735,3.694732203746013,3.7998626244104816
170.4,5.300000190734863,-0.5925456402338763,-5.218534463463046,0.026852900017866946,0.30099956740552336,96.63286995887756,1.1818629223646975,0.25,537.5058264760446,3.828273570856708,3.665286276468677
170.5,5.300000190734863,-0.5780903974944109,-5.218534463463046,0.023832354209816716,0.3008617930929162,96.61578011512756,1.1818629223646975,0.25,566.6381750522196,3.827768552227368,3.665813679439912
170.71,5.300000190734863,-0.5399761893063478,-5.235987755982989,0.024937832477574452,0.3018030324850794,96.53297066688543,1.1818629223646975,0.25,571.5604913672578,3.8945481150248513,3.5947874765479475
170.81,5.400000095367432,-0.5431838775524815,-5.201081170943102,0.024611873859766497,0.3023401281319566,96.48408150672913,1.1818629223646975,0.25,610.7648716153454,3.839829294685728,3.79680286789314
171.01,5.400000095367432,-0.3943880045795651,-5.183627878423159,0.01103076924041977,0.300965395787171,96.40260720252991,1.1818629223646975,0.25,552.530282856118,3.767666640274781,3.868422044933672
171.1,5.400000095367432,-0.3201974072664756,-5.183627878423159,0.009054871467999687,0.3003304905609982,96.37010598182678,1.1818629223646975,0.25,541.9737405435591,3.7652097996844813,3.870813376323924
171.3,5.400000095367432,-0.2761898435238054,-5.183627878423159,0.009743422895046386,0.300752076988341,96.28681588172913,1.1818629223646975,0.25,467.6051519927569,3.7668413474133833,3.8692256710335724
171.4,5.300000190734863,-0.2811769606828318,-5.183627878423159,0.00026059504047322294,0.30159259909725655,96.2592203617096,1.1818629223646975,0.25,536.9383466617909,3.7002757320065998,3.7944645905466836
171.6,5.300000190734863,-0.2236468780665307,-5.1487212933832724,-0.010317950628449124,0.301425509586965,96.16891121864319,1.1818629223646975,0.25,522.4215832218325,3.5649414632019947,3.921886585016554
171.7,5.199999809265137,-0.2408266717221047,-5.1312680008633285,0.0018775610921936425,0.30674120436264934,96.12035775184631,1.1818629223646975,0.25,569.1925549507141,3.450717549141228,3.8900573790634776
171.9,5.199999809265137,-0.39022419707299016,-5.113814708343385,0.034516742303017836,0.318146847813614,96.05215096473694,1.1818629223646975,0.25,623.8767176076582,3.4271288874775285,3.910854843250321
172.0,5.199999809265137,-0.41606057919580997,-5.096361415823442,0.04073815378144719,0.32320652050262333,96.00826668739319,1.1818629223646975,0.25,558.0186965331669,3.3783972769290727,3.9530279350892124
172.2,5.300000190734863,-0.4233214245040278,-5.078908123303499,0.04620245576232121,0.32732048138505593,95.92947030067444,1.1818629223646975,0.25,657.2882471120465,3.389317144058608,4.074620389530783
172.3,5.300000190734863,-0.350186977806672,-5.026548245743669,0.047815393006269254,0.3262378502247029,95.90581917762756,1.1818629223646975,0.25,695.1043875008328,3.1668238846136636,4.249850409794445
172.51,5.300000190734863,-0.2470369490934779,-4.991641660703783,0.052207335533365234,0.32361920893918694,95.89204049110413,1.1818629223646975,0.25,657.0913621587532,3.0051553029366698,4.3656664585170954
172.61,5.199999809265137,-0.11053141890538536,-4.991641660703783,0.054695944099758476,0.32024000782657,95.85619759559631,1.1818629223646975,0.25,700.266940598245,2.9339631230855385,4.293234026783494
172.8,5.199999809265137,0.06469569830968444,-4.9218284906240095,0.05494305251592888,0.3208538077705032,95.86476540565491,1.1818629223646975,0.25,674.4230298986805,2.6300891643258595,4.485825342571104
172.9,5.199999809265137,0.1690240210161753,-4.852015320544236,0.05554255798210328,0.3238233852481138,95.8958170413971,1.1818629223646975,0.25,718.0698024699232,2.3245902049841605,4.651481311931625
173.1,5.199999809265137,0.3175032088732533,-4.834562028024293,0.07900494818070546,0.32883499889916484,95.96055245399481,1.1818629223646975,0.25,655.9527320179004,2.2665395457008244,4.68004236136082
173.2,5.199999809265137,0.32793159715160497,-4.747295565424577,0.09620516133340573,0.3291529614771969,95.9955484867096,1.1818629223646975,0.25,704.3837025287066,1.8515672434936217,4.859186841353076
173.4,5.199999809265137,0.3840431624154991,-4.694935687864747,0.11285863520822749,0.3196514811931594,96.1397135257721,1.1818629223646975,0.25,594.1426128682325,1.547621347591981,4.964359594231167
173.6,5.199999809265137,0.451288101551061,-4.642575810304916,0.09911864836486028,0.307355457712397,96.27332711219793,1.1818629223646975,0.25,564.8416556471201,1.2236360912999285,5.0539798903859605
173.7,5.199999809265137,0.46557213724739,-4.625122517784973,0.09457982770094406,0.3048507235968227,96.31861519813538,1.1818629223646975,0.25,560.3457416772944,1.12253162919673,5.077393106487856
173.8,5.199999809265137,0.4888997702220089,-4.6774823953448035,0.09244233524093656,0.3017060381904334,96.4015924930572,1.1818629223646975,0.25,484.18226559861796,1.3709564556895821,5.016021970940769
174.01,5.199999809265137,0.340479887292562,-4.642575810304916,0.08973660897182179,0.29236134803534675,96.50353646278381,1.1818629223646975,0.25,479.762474251198,1.1477214536115954,5.071758421028859
174.1,5.199999809265137,0.30036648310576275,-4.60766922526503,0.08264772028021605,0.29058955478142057,96.56763863563538,1.1818629223646975,0.25,515.8761776529718,0.9609673563234621,5.110434399974053
174.3,5.300000190734863,0.26822850450452473,-4.590215932745087,0.07225566445922477,0.29277315358539857,96.75638222694397,1.1818629223646975,0.25,511.9785267081316,0.8998010337689031,5.223060417170952
174.4,5.300000190734863,0.22339500095639048,-4.537856055185257,0.0713544644991841,0.2941516444323367,96.80700325965881,1.1818629223646975,0.25,474.9016309864164,0.6324684194798192,5.262127489917959
174.6,5.300000190734863,0.13485000352303098,-4.520402762665314,0.06901383842873293,0.3006550223171354,97.01232552528381,1.1818629223646975,0.25,498.9047324322018,0.57481180779944,5.268737363676798
174.7,5.400000095367432,0.12728669752688934,-4.520402762665314,0.0648452891769131,0.30436744677216254,97.13784432411194,1.1818629223646975,0.25,545.6035590002538,0.6055820630106601,5.365936208615233
174.91,5.400000095367432,0.051344913004548666,-4.520402762665314,0.06695727551309925,0.30602246241205305,97.20325112342834,1.1818629223646975,0.25,498.86439026878,0.6144619379367269,5.364926612433325
175.0,5.5,-0.04976220730744217,-4.572762640225143,0.07178509475917692,0.30361184390966384,97.33025765419006,1.1818629223646975,0.25,457.67534474971404,0.8978834090345036,5.426214645936942
175.2,5.5,-0.07350912810983952,-4.572762640225143,0.07474866931097376,0.2986395731974972,97.42815804481512,1.1818629223646975,0.25,536.0726317701119,0.8708918126715748,5.43061206961256
175.3,5.5,-0.13662145142546758,-4.572762640225143,0.0746787257840324,0.2943590766570682,97.44384407997131,1.1818629223646975,0.25,494.10999626976263,0.8476381889712825,5.434290156091914
175.5,5.599999904632568,-0.11791766606765472,-4.572762640225143,0.06449910583303661,0.2918491120543694,97.55178475379944,1.1818629223646975,0.25,548.5195183742326,0.8491592002794046,5.535244130520859
175.6,5.5,-0.12194062795780405,-4.642575810304916,0.0688770119555312,0.291758150194387,97.56277871131903,1.1818629223646975,0.25,491.56510796769356,1.2107002063282193,5.3650913329035514
175.8,5.5,-0.12400690769772164,-4.6600291028248595,0.0819335877078932,0.29514244601077594,97.68970894813538,1.1818629223646975,0.25,523.1029725396329,1.3222248441345776,5.338700353227674
175.9,5.5,-0.14708653380362108,-4.6774823953448035,0.08203131516794947,0.29991949652439903,97.70409035682678,1.1818629223646975,0.25,540.3543103042613,1.4405695089751454,5.30799015539885
176.11,5.5,-0.13566073858361846,-4.694935687864747,0.07591908986712853,0.3048792332805672,97.78840279579163,1.1818629223646975,0.25,504.5726754016396,1.5591658719969512,5.274372169614122
176.2,5.400000095367432,-0.12097001054848462,-4.694935687864747,0.06816397716146462,0.30582996659586087,97.82191872596741,1.1818629223646975,0.25,576.1672093677953,1.5357400843529598,5.177016845952873
176.41,5.400000095367432,-0.06363772471546975,-4.6600291028248595,0.054041339559046664,0.3048757061136991,97.85238289833069,1.1818629223646975,0.25,599.6277969938092,1.3491402966401345,5.22874951493663
176.5,5.300000190734863,0.02245929291993011,-4.729842272904633,0.04234600018369008,0.3012452887681223,97.8844797611236,1.1818629223646975,0.25,600.7345809873042,1.6606540515179196,5.033113364803808
176.7,5.199999809265137,0.043148399148404466,-4.747295565424577,0.03454407729747095,0.29915794525365663,97.8909342288971,1.1818629223646975,0.25,581.6358642039196,1.7050048438141336,4.9125305595922555
176.8,5.199999809265137,0.0869633659924907,-4.852015320544236,0.02479433885257277,0.2973959906435854,97.90895485877991,1.1818629223646975,0.25,494.905670088152,2.2008662731462465,4.7112828045114
177.0,5.099999904632568,0.07131971093816697,-4.817108735504349,0.015488350529968768,0.2903819556052169,97.92209267616272,1.1818629223646975,0.25,551.5510189290618,1.96300049717595,4.7070827563724835
177.1,5.0,0.05995631121343915,-4.852015320544236,0.018948671133299906,0.28649723524872045,97.93214821815491,1.1818629223646975,0.25,542.5569998003812,2.06672070991527,4.55287442251676
177.31,5.0,0.033972019932718395,-4.852015320544236,0.021950218995114994,0.28119119919944996,97.93688607215881,1.1818629223646975,0.25,548.7729034746153,2.0425340142792106,4.563776374945693
177.4,4.800000190734863,0.05013192597448728,-4.869468613064179,0.028986180125031256,0.2801694943857206,97.94575905799866,1.1818629223646975,0.25,542.7257831286006,2.032555279502566,4.34841590315611
177.61,4.699999809265137,0.015608310456914047,-4.869468613064179,0.04559410159145004,0.2959576082281325,97.95302987098694,1.1818629223646975,0.25,560.8372828295978,2.0571823891852303,4.2258725518783065
177.7,4.599999904632568,-0.0067554297940336785,-4.852015320544236,0.04927226569738532,0.30814110332537614,97.94323372840881,1.1818629223646975,0.25,486.0688902900438,1.9915890612940657,4.146513250136006
177.9,4.5,-0.038138697192107926,-4.834562028024293,0.0526332681293257,0.3189221994375136,97.95766854286194,1.1818629223646975,0.25,507.2927215652598,1.9211856120507838,4.06928075266982
178.0,4.5,-0.09079110020803838,-4.747295565424577,0.061778228372059533,0.33363324995889737,97.96376442909241,1.1818629223646975,0.25,440.86389213727665,1.6211416283649265,4.1978446637271265
178.21,4.400000095367432,-0.21526868145722064,-4.799655442984406,0.0594633030811332,0.3379008160333948,97.96090340614319,1.1818629223646975,0.25,535.2060093393738,1.814882001803112,4.008266976982014
178.3,4.199999809265137,-0.1984261054419146,-4.782202150464463,0.053739869603069215,0.33722953691718177,97.96261239051819,1.1818629223646975,0.25,544.6876481891885,1.662760578917048,3.856841409110132
178.41,4.0,-0.16766800146418326,-4.76474885794452,0.04826588980292563,0.3303308472855519,97.96475625038147,1.1818629223646975,0.25,542.0895696924636,1.4936716186977446,3.710652920376259
178.6,3.7999999523162837,-0.07096656681396471,-4.642575810304916,0.04028796475444094,0.3095187718671488,97.95554757118231,1.1818629223646975,0.25,523.7388653048984,0.9021832813526823,3.6913500192275817
178.81,3.7000000476837163,-0.10969552966939504,-4.625122517784973,0.039737990797418035,0.31236216555412033,97.96020913124084,1.1818629223646975,0.25,464.87507452418504,0.8258387222506813,3.606659223948232
178.9,3.5999999046325684,-0.15465158940919926,-4.642575810304916,0.03637468308835491,0.3159161814431534,97.96132302284241,1.1818629223646975,0.25,492.0056974320905,0.8770544750161952,3.4915290004822483
179.1,3.5999999046325684,-0.2294451230935916,-4.642575810304916,0.04347142025685711,0.31558208633974555,97.94587349891663,1.1818629223646975,0.25,460.88353741894383,0.8758879233472194,3.4918218252208972
179.2,3.5999999046325684,-0.4042812025579685,-4.642575810304916,0.05639637265595208,0.30864022148809594,97.91964364051819,1.1818629223646975,0.25,452.98683365690516,0.851627258623223,3.4978179377612544
179.4,3.5999999046325684,-0.5062775111923892,-4.6774823953448035,0.055808328083764645,0.303276676933732,97.89343667030329,1.1818629223646975,0.25,432.01525749601205,0.9545767850311124,3.4711356174650057
179.5,3.7999999523162837,-0.5308310901304939,-4.625122517784973,0.049334451698685784,0.29770969257824637,97.8850748538971,1.1818629223646975,0.25,478.2834067760559,0.7937948035516901,3.7161659606990227
179.7,3.900000095367432,-0.5378797128118606,-4.625122517784973,0.05413017185319314,0.29003573960684553,97.84008431434631,1.1818629223646975,0.25,435.9713006557249,0.785392320583032,3.820099428893858
179.8,4.199999809265137,-0.6363493339201782,-4.590215932745087,0.06456283086413293,0.28889448191851014,97.79922890663147,1.1818629223646975,0.25,444.02376914903294,0.6969905611972892,4.14176321817521
180.01,4.300000190734863,-0.7527489876719191,-4.572762640225143,0.0740071409121203,0.2889578869428263,97.75088143348694,1.1818629223646975,0.25,488.0291528634445,0.639741781669445,4.2521444111302555
180.1,4.699999809265137,-0.8554626568015179,-4.5553093477052,0.08047977708166261,0.2919588536402503,97.62215828895569,1.1818629223646975,0.25,492.8290125197418,0.6320119349532117,4.657312435425502
180.3,4.900000095367432,-0.8886685939835639,-4.537856055185257,0.08476144399833949,0.292138689665425,97.56344246864319,1.1818629223646975,0.25,586.894082692219,0.5749407699604464,4.866152899944486
180.4,5.199999809265137,-0.8860180924641496,-4.572762640225143,0.08786578605445551,0.2924897318706087,97.50454354286194,1.1818629223646975,0.25,575.8573604370395,0.791797496391788,5.139363262220832
180.6,5.300000190734863,-0.7613857881315766,-4.537856055185257,0.08318539327362222,0.2909828590252899,97.40701699256897,1.1818629223646975,0.25,496.6416445720278,0.6157907192165605,5.26410522424432
180.7,5.5,-0.6899556805318658,-4.520402762665314,0.07296308646708345,0.2905238185392652,97.2840158939361,1.1818629223646975,0.25,580.6397941035322,0.5410801942564949,5.473320036630724
180.91,5.599999904632568,-0.6183779352731293,-4.520402762665314,0.06686197760820072,0.28906889878361386,97.24658608436584,1.1818629223646975,0.25,525.8306786426074,0.5428093988390961,5.573630494427911
181.0,5.599999904632568,-0.6049076721403278,-4.520402762665314,0.06793675345319497,0.28907701906494343,97.16574501991272,1.1818629223646975,0.25,505.581486347066,0.5428546582688387,5.573626086479124
181.2,5.599999904632568,-0.658410021274116,-4.5553093477052,0.07597623491476199,0.29749870491531133,97.04610085487366,1.1818629223646975,0.25,516.9148777597001,0.7837652033495706,5.544881517030205
181.3,5.599999904632568,-0.677739510568586,-4.5553093477052,0.08032126117445837,0.30084227961540055,97.00461983680725,1.1818629223646975,0.25,541.2687756722336,0.8023005133165664,5.542229949958478
181.5,5.599999904632568,-0.6785981858471036,-4.572762640225143,0.08001961261231813,0.30444859294996934,96.96369576454163,1.1818629223646975,0.25,542.5440342340407,0.9188311579571637,5.524106102805401
181.6,5.400000095367432,-0.704713359685811,-4.60766922526503,0.06360291833322991,0.30896186771034145,96.75083565711975,1.1818629223646975,0.25,494.46193092699474,1.0952554703448876,5.287761008654596
181.8,5.400000095367432,-0.6371352258269607,-4.60766922526503,0.05639772050647282,0.30968953287200524,96.70639443397522,1.1818629223646975,0.25,538.7459095395753,1.0991028995075223,5.286962629550395
181.9,5.300000190734863,-0.5892719533122243,-4.6600291028248595,0.05565577819182408,0.31225700212992785,96.66468453407288,1.1818629223646975,0.25,579.4977537706291,1.3620000525769544,5.122007211881877
182.1,5.199999809265137,-0.4986720190404171,-4.6774823953448035,0.06247302791339289,0.31717913941033127,96.56138253211975,1.1818629223646975,0.25,540.5653122845835,1.4484026626393167,4.994209421241444
182.2,5.199999809265137,-0.5515410524506729,-4.60766922526503,0.06927353693379179,0.31757061950809995,96.49047493934631,1.1818629223646975,0.25,582.7890211271733,1.098485828468609,5.082649594553129
182.41,5.199999809265137,-0.558439503801385,-4.590215932745087,0.155196016289462,0.3108358787892918,96.43358254432678,1.1818629223646975,0.25,646.4802409038057,0.975237193698768,5.107730458078618
182.5,5.099999904632568,-0.7735691212587663,-4.590215932745087,0.23165393498314443,0.30437951496398064,96.37117409706116,1.1818629223646975,0.25,625.4820028079703,0.9241197523138234,5.015575910165815
182.71,5.099999904632568,-1.0752303740825984,-4.590215932745087,0.31881564038719656,0.29341066766803814,96.29865670204163,1.1818629223646975,0.25,685.0344170634345,0.8690501767840592,5.02541051233467
182.81,5.0,-1.0142301230234572,-5.113814708343385,0.33231149407872534,0.2905829803078157,96.28845620155334,1.1818629223646975,0.25,629.9228552462301,3.1904255262082435,3.8498292120195217
183.01,5.0,-0.8890150576321803,-5.288347633542818,0.34092746166173493,0.28912715837221525,96.28613686561584,1.1818629223646975,0.25,696.7589032666291,3.8057546081502984,3.2428740127459115
183.1,5.099999904632568,-0.636680850963927,-5.270894341022875,0.36949332461977213,0.2850509272302294,96.2869455814361,1.1818629223646975,0.25,691.251659953723,3.8097616188872916,3.390533207993322
183.3,5.199999809265137,-0.51995427577762,-5.253441048502932,0.36911700741408016,0.28581299299158275,96.2879221439361,1.1818629223646975,0.25,642.3061613016106,3.8262225413686006,3.521366081548504
183.4,5.300000190734863,-0.1860201755273268,-5.462880558742252,0.3261212997156417,0.2908976564914003,96.34465432167053,1.1818629223646975,0.25,544.0661756563895,4.574465428870002,2.6766150380401696
183.6,5.400000095367432,-0.06924386513370988,-5.218534463463046,0.2690547219662464,0.29356400195160354,96.38621926307678,1.1818629223646975,0.25,588.2655302258682,3.8726298156613495,3.7633415126479046
183.7,5.5,-0.0919394234271343,-5.1312680008633285,0.24312966135912883,0.29266626918698846,96.36412453651428,1.1818629223646975,0.25,479.69620376963576,3.591526845838641,4.16544534421235
183.9,5.5,-0.17767287066534476,-5.096361415823442,0.20491896938337628,0.28339541178978733,96.38665413856512,1.1818629223646975,0.25,537.1668802396051,3.4040638493599125,4.319994133037796
184.01,5.699999809265138,-0.20590279683108725,-4.590215932745087,0.19967066422242552,0.2787440683485244,96.42255806922913,1.1818629223646975,0.25,514.5515121995049,0.8888129101335812,5.63027614210906
184.21,5.800000190734862,-0.1638324470751998,-4.468042885105484,0.21212387956757187,0.2726123070024258,96.48543190956116,1.1818629223646975,0.25,511.52681167083216,0.1639222029590134,5.7976833066235605
184.3,6.0,-0.1690366813857608,-4.39822971502571,0.2214733565812207,0.26658039643858067,96.48059487342834,1.1818629223646975,0.25,412.60930703594926,-0.2853655191068802,5.993210034739718
184.5,6.0999999046325675,-0.2846380063879708,-4.363323129985824,0.23319310264160636,0.25205038186917433,96.52325081825262,1.1818629223646975,0.25,429.6397968617166,-0.5908664573721045,6.0713158101082065
184.6,6.300000190734862,-0.37715978361181945,-4.4505895925855405,0.22321998445050603,0.24557835941411402,96.49714303016663,1.1818629223646975,0.25,450.4354139620518,-0.10218800046761699,6.299171375333405
184.8,6.4000000953674325,-0.3804544113493252,-4.34586983746588,0.20547666468720732,0.23613385664244319,96.51259255409241,1.1818629223646975,0.25,411.02704440857616,-0.8321034887401473,6.345676087284129
184.9,6.699999809265138,-0.5115026066280817,-4.328416544945937,0.16737241867333796,0.22450141999269715,96.42994332313538,1.1818629223646975,0.25,439.1651644807716,-1.063932877350084,6.614986339868469
185.1,6.800000190734862,-0.5211847169166212,-4.310963252425994,0.13954797407724656,0.22121058120831458,96.36928963661194,1.1818629223646975,0.25,371.828857761735,-1.2188404665554757,6.689875223879814
185.2,7.0,-0.4881937597637633,-4.136430327226561,0.13406805790554024,0.22172091853862808,96.37570595741272,1.1818629223646975,0.25,388.565643084541,-2.428128702047998,6.565378207406692
185.4,7.199999809265138,-0.6330596306317933,-4.2062434973063345,0.1489255364719342,0.22291017392562082,96.26496529579163,1.1818629223646975,0.25,341.6021597993949,-2.0121372061577607,6.913125278556267
185.5,7.5,-0.8070485936287258,-4.223696789826278,0.15814244377791167,0.22877964818054689,96.19278359413147,1.1818629223646975,0.25,405.1042582500522,-1.9274702455465278,7.248093435692783
185.7,7.5999999046325675,-0.8583486586815273,-4.241150082346221,0.1483464072533986,0.22904276638836354,96.15349984169006,1.1818629223646975,0.25,317.4662234618809,-1.822747782606075,7.378183317824224
185.8,7.800000190734862,-0.994664925725276,-4.276056667386108,0.13987745511283578,0.22929607119968484,96.05935311317444,1.1818629223646975,0.25,362.6306611118089,-1.6033707021611288,7.633426842966088
186.0,7.9000000953674325,-1.1214812097162352,-4.276056667386108,0.13290610919260587,0.2304653822694793,95.95187783241272,1.1818629223646975,0.25,354.8619097658666,-1.6148853241930916,7.733184783548833
186.1,8.100000381469728,-1.1790817144576358,-4.310963252425994,0.10970971142238167,0.23477441423047954,95.75528359413147,1.1818629223646975,0.25,294.50683147811463,-1.343636102346537,7.987781181547273
186.31,8.300000190734862,-1.3144018408133478,-4.328416544945937,0.10723639388263095,0.23505226307490487,95.54539132118231,1.1818629223646975,0.25,293.98212250199686,-1.231473877032179,8.208134700185303
186.4,8.300000190734862,-1.3486551194854417,-4.380776422505767,0.10463392888208121,0.23759276856091682,95.41366982460022,1.1818629223646975,0.25,356.15437075581406,-0.7792150769419279,8.26334236432602
186.6,8.399999618530272,-1.3576614389211945,-4.4156830075456535,0.10394204698118772,0.2448593505960661,95.18386483192444,1.1818629223646975,0.25,235.1716465381942,-0.4353165188420637,8.388712244422974
186.7,8.600000381469728,-1.4054319635469674,-4.4331363000655974,0.11352353682057922,0.2446305816222141,95.09428811073303,1.1818629223646975,0.25,296.62499853953346,-0.2976905805758839,8.594846530306162
186.91,8.699999809265138,-1.6416990499083142,-4.4331363000655974,0.11907332095758237,0.23790719832906954,94.78783059120178,1.1818629223646975,0.25,256.2675191486778,-0.3596032111060578,8.692564766038597
187.0,8.800000190734863,-1.7004103978785776,-4.485496177625427,0.11836560263616511,0.23476735505607102,94.61700081825262,1.1818629223646975,0.25,263.26018113389364,0.06929534555775775,8.799727354413752
187.2,8.800000190734863,-1.8081390888060516,-4.520402762665314,0.11027552714628178,0.23252252626196684,94.24218392372131,1.1818629223646975,0.25,278.2605785522483,0.3566218378031086,8.792771134388497
187.31,9.0,-1.9231231031494769,-4.520402762665314,0.11771309428897452,0.23276160955473205,94.05643105506897,1.1818629223646975,0.25,266.7163957359062,0.366876843229319,8.99251918996574
187.41,9.100000381469727,-2.0426145764535133,-4.520402762665314,0.13170811994676085,0.23245840328418832,93.85840249061584,1.1818629223646975,0.25,339.19905405706777,0.3681963673929632,9.092548508409939
187.6,9.100000381469727,-2.175429892086639,-4.520402762665314,0.13528946883156423,0.23066724693789384,93.4151041507721,1.1818629223646975,0.25,283.6163495260389,0.3519096095052654,9.09319341977762
187.8,9.199999809265137,-2.24056185014862,-4.572762640225143,0.13060369840655925,0.2315123875550267,92.95199227333069,1.1818629223646975,0.25,442.1080887742392,0.8441625635270504,9.161189118057655
187.9,9.300000190734863,-2.2052565918549747,-4.590215932745087,0.1261129503026967,0.23566035815416098,92.72741341590881,1.1818629223646975,0.25,327.64115493375715,1.053167918095486,9.240175370844588
188.1,9.300000190734863,-2.2047602701699534,-4.590215932745087,0.12675110694673478,0.23889086801841672,92.2520182132721,1.1818629223646975,0.25,271.82836525795216,1.0830128483300205,9.236724891324878
188.2,9.399999618530273,-2.2290140663245888,-4.5553093477052,0.129803253415175,0.2358759066838223,91.95936226844793,1.1818629223646975,0.25,311.3116533090106,0.73991871619195,9.370833107136107
188.4,9.5,-2.1920878422881818,-4.590215932745087,0.1343171938395685,0.22930598406201397,91.51075387001038,1.1818629223646975,0.25,260.2222960909148,1.0158171231252946,9.445534160245542
188.5,9.5,-2.232394422628352,-4.5553093477052,0.136468567127623,0.224138583104151,91.19367623329163,1.1818629223646975,0.25,311.0800456107881,0.6365826702039415,9.478647714943099
188.8,9.5,-2.255315144900096,-4.520402762665314,0.14188124770984367,0.2111111447464967,90.40547585487366,1.1818629223646975,0.25,259.86719696667024,0.18167573124664543,9.498262679494394
188.91,9.5,-2.276625948569662,-4.50294947014537,0.14022602154506608,0.20917149392315154,90.17166543006897,1.1818629223646975,0.25,238.9850889667705,-0.0025461549731160887,9.49999965879446
189.0,9.600000381469727,-2.342738743402531,-4.4331363000655974,0.13638881171791084,0.20775026601877303,89.84748482704163,1.1818629223646975,0.25,270.3824003159861,-0.6858384533896166,9.5754703769617
189.2,9.600000381469727,-2.4648275856914963,-4.34586983746588,0.1312817684138657,0.21304839208625984,89.27471566200256,1.1818629223646975,0.25,304.4303135584214,-1.467542492417295,9.48716640294501
189.3,9.699999809265137,-2.4925423509103846,-4.310963252425994,0.1214772988603076,0.21883355766458085,89.02045845985413,1.1818629223646975,0.25,256.6923674370865,-1.7613187823585215,9.538750046345422
189.5,9.699999809265137,-2.498150745309909,-4.293509959906051,0.11691052599742606,0.22373428450407068,88.7660562992096,1.1818629223646975,0.25,303.3162580387125,-1.8809126634971816,9.51589007145625
189.6,9.800000190734863,-2.574250375220221,-4.136430327226561,0.11660871163679523,0.23086882659344224,87.83337044715881,1.1818629223646975,0.25,263.4591121287449,-3.3151559172130947,9.222241863178951
189.81,9.699999809265137,-2.5888305530902604,-4.136430327226561,0.12133364079509056,0.23111997568205375,87.57136940956116,1.1818629223646975,0.25,275.03765332462905,-3.279035040473467,9.128960811784157
189.9,9.699999809265137,-2.618028648646201,-4.101523742186674,0.11927532834996803,0.2306311875124688,87.3080484867096,1.1818629223646975,0.25,256.3530255877122,-3.6000367235186195,9.007204443614068
190.1,9.699999809265137,-2.6763382851446957,-4.084070449666731,0.11242970045537354,0.22822889204217936,86.69853615760803,1.1818629223646975,0.25,285.6240920024447,-3.7781586889975274,8.933952832900797
190.3,9.699999809265137,-2.676580927277997,-4.084070449666731,0.1077728852013063,0.2262589226744509,86.36192727088928,1.1818629223646975,0.25,287.5053884277622,-3.7957509599300394,8.92649264548702
190.4,9.699999809265137,-2.6700018573893898,-4.066617157146788,0.09476527179758648,0.21983287545871324,85.81985878944397,1.1818629223646975,0.25,262.30818765173893,-4.007807292466601,8.833316308510367
190.5,9.600000381469727,-2.6688259826232934,-4.066617157146788,0.09231391002440252,0.21873178235517624,85.47722268104553,1.1818629223646975,0.25,282.6007138584028,-3.976113553747702,8.73787893781567
190.7,9.5,-2.7183957825976,-4.066617157146788,0.09697178424706605,0.21489090498021907,84.85384011268616,1.1818629223646975,0.25,291.76542357905413,-3.9678779684570826,8.631682595382715
190.8,9.300000190734863,-2.762566202254316,-4.101523742186674,0.08852483761784656,0.21603244487994697,84.5762369632721,1.1818629223646975,0.25,270.96605484976686,-3.577280899168719,8.58446648989389
191.01,9.199999809265137,-2.808871048126745,-4.101523742186674,0.0800761127688137,0.21843270213071256,84.29459023475647,1.1818629223646975,0.25,282.351759713234,-3.5184218240843363,8.500629644813706
191.1,9.0,-2.8740106557168668,-4.101523742186674,0.07511067125879738,0.22231789212395386,83.65504097938538,1.1818629223646975,0.25,259.19253309474703,-3.409599975132432,8.329143293855433
191.3,9.0,-2.839818554607605,-4.101523742186674,0.06190499523515144,0.2241654684047607,83.01999306678772,1.1818629223646975,0.25,249.44795120891285,-3.3942054369001857,8.3354285703926
191.4,8.899999618530273,-2.8394842745450153,-4.066617157146788,0.058207609468053145,0.22201984977302394,82.73508858680725,1.1818629223646975,0.25,221.83983245618947,-3.6595326408491373,8.112817886554508
191.6,8.800000190734863,-2.9243958329997466,-4.031710572106901,0.06221364629138315,0.216945660021178,82.08182168006897,1.1818629223646975,0.25,257.02427318655833,-3.936149839064664,7.870624359055948
191.7,8.600000381469728,-2.9633341283987025,-4.031710572106901,0.05709394053593863,0.21491867720983815,81.72741341590881,1.1818629223646975,0.25,253.10829046107756,-3.8622751007470826,7.683933732628658
191.91,8.600000381469728,-2.9996897441086667,-4.066617157146788,0.054994305899675765,0.21808094298463016,81.1265070438385,1.1818629223646975,0.25,272.77986852561304,-3.567028884700688,7.8253633460044805
192.0,8.600000381469728,-3.051378938783793,-4.2062434973063345,0.05787021233869526,0.22391307972235333,80.77664589881897,1.1818629223646975,0.25,368.84871442371156,-2.395103731498392,8.259750884660018
192.2,8.600000381469728,-3.1251681562520663,-4.136430327226561,0.0629451632630201,0.23413757099590476,80.11916756629944,1.1818629223646975,0.25,349.2061515063324,-2.8827491263685987,8.102454198309335
192.3,8.699999809265138,-3.1730950099348445,-4.1887902047863905,0.06878521607138846,0.23398762321011451,79.80409646034241,1.1818629223646975,0.25,322.608990870036,-2.4845424016142075,8.33768827288443
192.5,8.600000381469728,-3.193356756343044,-4.223696789826278,0.07157046122425242,0.23933737051706783,79.13786721229553,1.1818629223646975,0.25,303.46720716610076,-2.1222976445355726,8.334018194681256
192.6,8.699999809265138,-3.236995885264272,-4.39822971502571,0.07315264939116796,0.24116421593983212,78.81738686561584,1.1818629223646975,0.25,263.529115745143,-0.6344931063662954,8.67683209352279
192.8,8.699999809265138,-3.2497077709687314,-4.468042885105484,0.0771888185528414,0.23829078158917236,78.46242165565491,1.1818629223646975,0.25,316.9633311626822,-0.05268090600670921,8.699840309072101
193.01,8.800000190734863,-3.2807154833171333,-4.537856055185257,0.08191020943509153,0.22485308738703308,77.80795693397522,1.1818629223646975,0.25,297.2769289360167,0.4426305827866713,8.788861218844882
193.1,8.800000190734863,-3.178298601663218,-4.572762640225143,0.08977123253796451,0.21282581210759452,77.13351082801819,1.1818629223646975,0.25,340.96309642216875,0.6435802729890532,8.776434799458888
193.2,8.899999618530273,-3.1630827340927588,-4.694935687864747,0.09883704437981758,0.20455256040032563,76.77036690711975,1.1818629223646975,0.25,408.05043278515217,1.6554851304578242,8.744676220002205
193.4,8.899999618530273,-3.0658246663684725,-4.76474885794452,0.0911539591972974,0.19005852643995208,76.14355111122131,1.1818629223646975,0.25,297.1088943599444,2.1364539566849254,8.639766067481476
193.5,8.899999618530273,-3.078506020272084,-4.799655442984406,0.07619546527068465,0.18744130002742948,75.77267861366272,1.1818629223646975,0.25,333.80365918457574,2.414264348425389,8.566289795807817
193.7,9.0,-3.0619063206605843,-4.799655442984406,0.06232263524512065,0.19126769308742325,75.46426033973694,1.1818629223646975,0.25,348.2896042552966,2.474519350657011,8.653135500107693
193.8,8.899999618530273,-3.1248312019750712,-4.869468613064179,0.07041765953821823,0.20767814269993898,74.77385354042053,1.1818629223646975,0.25,337.25414933095453,3.1748347084027437,8.314470385067246
194.0,8.899999618530273,-3.195687347895181,-4.852015320544236,0.08838617930570021,0.22516458552964544,74.09508156776434,1.1818629223646975,0.25,335.358979598328,3.1751103339270004,8.314365133744667
194.1,9.0,-3.2202861930271816,-4.869468613064179,0.09134025825392304,0.23201238965892265,73.77061104774475,1.1818629223646975,0.25,412.38539476435125,3.4141361557958447,8.327284930257134
194.3,8.899999618530273,-3.076167335598852,-4.869468613064179,0.07965361929602463,0.25488105634579716,73.10116219520569,1.1818629223646975,0.25,338.07938685490814,3.563619916716588,8.15540350313949
194.4,8.800000190734863,-3.0360334689929136,-4.869468613064179,0.09011122776066001,0.26462013501633846,72.79246926307684,1.1818629223646975,0.25,395.27989993146565,3.6019448186944105,8.029071981245037
194.61,8.800000190734863,-3.1124323417295647,-4.869468613064179,0.10718662616734237,0.26606044430536746,72.12172341346746,1.1818629223646975,0.25,362.5010291419094,3.6135054255527885,8.023875740341085
194.7,8.600000381469728,-3.147796212298692,-4.886921905584122,0.10685149720435033,0.25958947744202177,71.77000069618225,1.1818629223646975,0.25,361.43427643961695,3.6172837633911614,7.8022602325471135
194.9,8.5,-3.200588691845148,-4.886921905584122,0.08544782640275365,0.24826996242552676,71.12558388710016,1.1818629223646975,0.25,400.6761868863541,3.4877041362911525,7.751510811299794
195.0,8.300000190734862,-3.2081178950695164,-4.834562028024293,0.08039937260006848,0.24324052291213635,70.78419899940496,1.1818629223646975,0.25,432.88871467396535,2.965885465312274,7.752001455936921
195.2,8.300000190734862,-3.1695155018910737,-4.76474885794452,0.06618435968005196,0.22784947883082188,70.12356209754944,1.1818629223646975,0.25,379.17382170087154,2.295421871262876,7.97627993485226
195.3,8.199999809265138,-3.1790507458540547,-4.782202150464463,0.06067203831177854,0.21985803508304871,69.8039133548736,1.1818629223646975,0.25,395.13300513353903,2.3422245264412536,7.858370132520188
195.5,8.199999809265138,-3.196133211656219,-4.782202150464463,0.057071578122316134,0.21484643707874265,69.48252511024475,1.1818629223646975,0.25,398.3141530808062,2.3028122854975677,7.8700096854902135
195.6,7.9000000953674325,-3.1521592892191403,-4.799655442984406,0.052176657376457256,0.21758425611875812,68.83176064491266,1.1818629223646975,0.25,369.44560557707155,2.3711911935344125,7.535745074676444
195.8,7.800000190734862,-3.1474688699333604,-4.817108735504349,0.06767428288431009,0.23120324773228426,68.17892861366266,1.1818629223646975,0.25,409.4043443035989,2.5711977031669027,7.36403050962536
195.9,7.800000190734862,-3.1141655127024968,-4.817108735504349,0.07145867409890903,0.23714521326156038,67.86519265174871,1.1818629223646975,0.25,425.4180273009806,2.6149088706790238,7.348622631045089
196.1,7.699999809265138,-2.9830210141497404,-4.817108735504349,0.07977289890255382,0.2464279760125207,67.23552346229548,1.1818629223646975,0.25,370.88710499163426,2.648613045217494,7.230134576851725
196.3,7.699999809265138,-3.0044443041772158,-4.817108735504349,0.08368921877563117,0.24537497393807284,66.9068644046784,1.1818629223646975,0.25,314.7000977450353,2.640998231507854,7.232919562932769
196.4,7.699999809265138,-3.154300869721401,-4.904375198104066,0.051047992623454524,0.22588376766458554,66.2887766361236,1.1818629223646975,0.25,416.4296089054551,3.124772625534029,7.037456436909314
196.5,7.800000190734862,-3.2046407209027015,-4.886921905584122,0.027282372260603576,0.2162500824381018,65.96142220497131,1.1818629223646975,0.25,426.61464210339176,2.9711176456622086,7.211966646560323
196.7,7.800000190734862,-3.1439073049961164,-4.869468613064179,0.023858798575657456,0.20692838411863373,65.330974817276,1.1818629223646975,0.25,370.13931111483544,2.7769754425195092,7.288923814055644
196.8,7.800000190734862,-3.1187321043815035,-4.834562028024293,0.03715034283416043,0.20914946224701514,65.01540017127996,1.1818629223646975,0.25,408.88385659263804,2.5372924430588517,7.375781316840971
197.0,7.800000190734862,-3.0974411951148064,-4.834562028024293,0.05146149918043157,0.21350900445664794,64.70230507850653,1.1818629223646975,0.25,423.4246399660187,2.569423259829479,7.364649827881238
197.1,7.800000190734862,-3.0060666727737297,-4.799655442984406,0.06435580551853926,0.23091243983488838,64.08762001991266,1.1818629223646975,0.25,315.96160019358655,2.4401316989326856,7.408492442280533
197.3,7.9000000953674325,-3.009739524502669,-4.799655442984406,0.07430355876936805,0.2376843255821659,63.77154183387756,1.1818629223646975,0.25,438.0088520315403,2.5221710143031353,7.486564958738723
197.4,8.0,-2.9632833790077946,-4.694935687864747,0.09103636764082809,0.2434415945631513,63.17315316200256,1.1818629223646975,0.25,316.41519916755715,1.7925571521927164,7.796585076565428
197.6,8.0,-3.0637350939236723,-4.694935687864747,0.10393114444794592,0.2392453058406436,62.54813408851618,1.1818629223646975,0.25,352.47833752226865,1.7598247437769938,7.804038497546654
197.7,8.199999809265138,-3.0715075966575056,-4.642575810304916,0.10991992498051534,0.23593326768131603,62.24304986000061,1.1818629223646975,0.25,406.950823777559,1.3559282914229538,8.087116627109264
197.9,8.199999809265138,-3.055887405527601,-4.642575810304916,0.11149127582601333,0.22986857322846094,61.62809777259827,1.1818629223646975,0.25,387.511360574179,1.3068577649333486,8.095191143770586
198.0,8.300000190734862,-3.0287791064302274,-4.694935687864747,0.11109727988276392,0.22678636717581913,61.32788109779358,1.1818629223646975,0.25,342.06085900981276,1.7248029530527478,8.11880889905282
198.2,8.300000190734862,-3.0554122852466783,-4.642575810304916,0.1294456738516922,0.22123612248773386,60.71886849403381,1.1818629223646975,0.25,342.8618592212151,1.2520131543949649,8.205026887672014
198.3,8.300000190734862,-3.084560573709996,-4.625122517784973,0.12973551366220162,0.22102677777933286,60.410011529922485,1.1818629223646975,0.25,389.99246571729964,1.106902986707749,8.2258597693017
198.41,8.300000190734862,-3.0870441348739064,-4.60766922526503,0.12494857303912092,0.2235082803076677,60.09928154945368,1.1818629223646975,0.25,333.364274507001,0.9836276863561981,8.241509554737668
198.6,8.300000190734862,-3.0924999524653685,-4.642575810304916,0.10914142969772214,0.23519485238877721,59.16842293739319,1.1818629223646975,0.25,378.2204099433876,1.3664192162570215,8.186751595818837
198.81,8.300000190734862,-3.069262644917683,-4.572762640225143,0.1135478222212068,0.23434526132060984,58.85835289955145,1.1818629223646975,0.25,408.18466048109985,0.7849920518138348,8.262795570797323
198.9,8.199999809265138,-3.0254965082430543,-4.537856055185257,0.11213061948031261,0.23017807952617517,58.55138421058655,1.1818629223646975,0.25,354.1082592693964,0.4560548164059063,8.18730791386163
199.1,8.199999809265138,-2.9851244299950452,-4.520402762665314,0.10714815680834915,0.22451143346776992,57.93048882484436,1.1818629223646975,0.25,366.92760170119624,0.2666597410326344,8.195662844118267
199.2,8.199999809265138,-2.9476880775706835,-4.5553093477052,0.10190747164794378,0.22585195328545646,57.61987328529358,1.1818629223646975,0.25,398.30056943661475,0.5634885883496606,8.180615959861948
199.41,8.199999809265138,-2.857084279067546,-4.520402762665314,0.09946847920933741,0.23240751676062588,57.0357706546784,1.1818629223646975,0.25,381.40743994001247,0.33136439220457664,8.19330180766748
199.5,8.199999809265138,-2.8563076014112343,-4.520402762665314,0.09883863389707964,0.2340317794970282,56.72478890419006,1.1818629223646975,0.25,353.02031657053163,0.3446720240596978,8.19275277716708
199.71,8.199999809265138,-2.9059393117166064,-4.50294947014537,0.10049831004163134,0.23083086881418508,56.1328547000885,1.1818629223646975,0.25,313.33284040747264,0.17539575895562973,8.19812376093998
199.8,8.300000190734862,-2.9520840775379216,-4.572762640225143,0.10480784154211589,0.2257488777964861,55.837013483047485,1.1818629223646975,0.25,341.76233890189536,0.7139337625134575,8.269238281059636
200.0,8.300000190734862,-2.9979808194184883,-4.625122517784973,0.11577790435708067,0.21846038021871508,55.246235132217464,1.1818629223646975,0.25,364.5631644554196,1.0857885381869274,8.22867342993636
200.1,8.399999618530272,-2.991366065190053,-4.60766922526503,0.11129066141572182,0.2160709136470717,54.94207787513733,1.1818629223646975,0.25,373.485900828382,0.9334179744337124,8.347977268555107
200.3,8.5,-2.983302192100352,-4.60766922526503,0.11537966437536962,0.22090808090803193,54.35400032997131,1.1818629223646975,0.25,427.8619166157223,0.9853802117741676,8.44269067526721
200.4,8.600000381469728,-2.937356318799752,-4.520402762665314,0.11946116955156544,0.22426627156866188,54.05492043495184,1.1818629223646975,0.25,297.57874833739334,0.27756026650409205,8.595520162255315
200.6,8.699999809265138,-2.8774284771769287,-4.5553093477052,0.12582432853584094,0.23343979559223205,53.47723412513733,1.1818629223646975,0.25,303.7661447272349,0.663687983525564,8.674647828110212
200.7,8.800000190734863,-2.902191578792332,-4.5553093477052,0.12703653173967727,0.23578650758866887,53.18436455726618,1.1818629223646975,0.25,326.6589792067389,0.6919056312961087,8.772757260651543
200.9,8.800000190734863,-2.965222897831709,-4.5553093477052,0.128508545775491,0.23702727297401036,52.592296838760376,1.1818629223646975,0.25,371.1318831329918,0.7027900294523782,8.771892015491067
201.01,8.800000190734863,-2.9643480844909917,-4.5553093477052,0.12585327487477863,0.23559982003582255,52.30618691444403,1.1818629223646975,0.25,393.3710291289972,0.6902678546636875,8.77288627794477
201.21,8.800000190734863,-2.9454240440066104,-4.537856055185257,0.12221818428540608,0.2346244387376429,51.72248864173895,1.1818629223646975,0.25,364.8457737440367,0.5284871362596605,8.784116614876062
201.31,8.800000190734863,-2.9681929563738843,-4.537856055185257,0.11768850365794062,0.23506464156356394,51.4229052066803,1.1818629223646975,0.25,316.3804205047491,0.5323538778871337,8.783883122266152
201.5,8.800000190734863,-2.9799616705844505,-4.537856055185257,0.1212810921672518,0.23482232761509333,51.121803522109985,1.1818629223646975,0.25,370.5831862357554,0.5302254048768495,8.784011861157566
201.6,8.600000381469728,-3.0142917471171327,-4.537856055185257,0.12230121490074834,0.23669547405908162,50.53375649452215,1.1818629223646975,0.25,349.2251340522944,0.5342537130865321,8.583389745976396
201.8,8.600000381469728,-3.0105281857922943,-4.537856055185257,0.11307006327778278,0.23483916981883077,49.94591546058655,1.1818629223646975,0.25,388.19044223499816,0.5183194189731276,8.584366694241039
201.9,8.5,-2.990011135760015,-4.537856055185257,0.11221574351296397,0.23247114014946332,49.641521692276,1.1818629223646975,0.25,362.8828307950171,0.49219934704993423,8.4857374342342
202.11,8.399999618530272,-2.9881872665733438,-4.537856055185257,0.10859334340349798,0.22740467566397887,49.05804848670965,1.1818629223646975,0.25,361.46766623959405,0.4439157942659069,8.388261581454763
202.21,8.300000190734862,-2.9903597752469127,-4.520402762665314,0.10810388852457772,0.22550773911415178,48.76446557044983,1.1818629223646975,0.25,377.2561022375739,0.2781765296644873,8.295337303843802
202.4,8.199999809265138,-2.9946200274742036,-4.520402762665314,0.10568602010633288,0.22496684581014104,48.46050667762756,1.1818629223646975,0.25,404.5229803276925,0.2703921192640757,8.195540554093316
202.5,8.199999809265138,-3.0178728628438125,-4.50294947014537,0.09628113398609817,0.2228506974949876,47.86136651039118,1.1818629223646975,0.25,407.20635500517164,0.10996843638318948,8.199262394566217
202.7,8.199999809265138,-3.0354549417334504,-4.50294947014537,0.09891306744819789,0.21316010239941602,47.25787758827215,1.1818629223646975,0.25,345.8455270296654,0.030508784615164583,8.19994305382724
202.8,8.199999809265138,-3.065512994230932,-4.520402762665314,0.10269214755530788,0.20985440986292714,46.94793725013733,1.1818629223646975,0.25,396.8515684878801,0.14651137570820608,8.198690827731973
203.0,8.100000381469728,-3.0820747608844603,-4.485496177625427,0.10662617686906406,0.20852773735349983,46.63583779335016,1.1818629223646975,0.25,390.7760303398463,-0.1487486749129259,8.09863445350643
203.1,8.199999809265138,-3.12281738423559,-4.4505895925855405,0.11443500597098501,0.20926830130081472,46.02329659461975,1.1818629223646975,0.25,367.13983897400607,-0.43055681416194996,8.188688399354747
203.3,8.199999809265138,-3.093611364322342,-4.4505895925855405,0.1110325201071734,0.2137177288606614,45.4015429019928,1.1818629223646975,0.25,395.5983387807464,-0.39411769659149365,8.190523067129579
203.5,8.199999809265138,-3.082690441029868,-4.363323129985824,0.11114401972736784,0.2175691224520405,45.090008020401,1.1818629223646975,0.25,369.0801813906001,-1.0751683561239505,8.129207210911654
203.6,8.199999809265138,-3.0862886140051966,-4.34586983746588,0.11058539279223226,0.2225822774731552,44.46566414833069,1.1818629223646975,0.25,389.2258011926788,-1.1762110093615792,8.115203295876507
203.7,8.100000381469728,-3.055077688921457,-4.328416544945937,0.11545171750921487,0.22892884438352676,43.83973717689514,1.1818629223646975,0.25,392.23408181544795,-1.2508277165459856,8.002839258871198
203.9,8.100000381469728,-3.076258629795139,-4.328416544945937,0.12009968263511259,0.23162727892817553,43.53065514564514,1.1818629223646975,0.25,356.2821981253983,-1.2292280508633564,8.006185394979335
204.0,8.0,-3.125093344215077,-4.34586983746588,0.12220556886717733,0.23463379428636988,43.205665826797485,1.1818629223646975,0.25,418.2475813142809,-1.0520268078217636,7.930525808269231
204.2,8.0,-3.1556490822172796,-4.310963252425994,0.1172219637834274,0.23541770883468616,42.5704882144928,1.1818629223646975,0.25,375.6114570222817,-1.3219726075196399,7.890018277860181
204.3,7.9000000953674325,-3.1874233772589533,-4.310963252425994,0.11531271812469338,0.23439621865850443,42.25097298622131,1.1818629223646975,0.25,355.89410352077357,-1.313406114775812,7.790055576468948
204.5,7.800000190734862,-3.2301305577166333,-4.310963252425994,0.11594964620148654,0.23322244190195382,41.92732262611395,1.1818629223646975,0.25,420.39620973291306,-1.3058078837307565,7.689919944072923
204.6,7.800000190734862,-3.2268489175227333,-4.310963252425994,0.11584590803801909,0.23606620928815483,40.96218514442444,1.1818629223646975,0.25,377.9479024926113,-1.2839342896271488,7.693602258720133
204.81,7.699999809265138,-3.2477878798836453,-4.34586983746588,0.11565211206734462,0.23572493741500178,40.635772943496704,1.1818629223646975,0.25,388.95821058797446,-1.0042463379829698,7.6342312222862985
204.9,7.5999999046325675,-3.295533262995223,-4.34586983746588,0.11122528493141477,0.2341926935562806,40.30596947669983,1.1818629223646975,0.25,429.4856654614632,-1.0027486101988523,7.5335578430884365
205.11,7.5999999046325675,-3.370022299262301,-4.34586983746588,0.10101385961133172,0.22345643029011808,39.64025139808655,1.1818629223646975,0.25,417.4935086963233,-1.083571525162947,7.522358094392415
205.2,7.5,-3.3701629358584486,-4.39822971502571,0.0960371591144352,0.21853220426329087,39.310222864151,1.1818629223646975,0.25,432.34810395729073,-0.7161103766581723,7.465734118520595
205.41,7.4000000953674325,-3.3029603110857373,-4.380776422505767,0.08595910085895266,0.21975363768449563,38.635841608047485,1.1818629223646975,0.25,394.2390479185669,-0.8260308948433113,7.3537524007952815
205.5,7.4000000953674325,-3.2908963048819726,-4.363323129985824,0.08901481677157254,0.223611691382832,38.30206704139715,1.1818629223646975,0.25,414.63205895249854,-0.9259274985420519,7.341843070978953
205.7,7.300000190734862,-3.2242469757765364,-4.363323129985824,0.09532933062326597,0.2403861880588298,37.625110864639225,1.1818629223646975,0.25,428.1530021668005,-0.7918007100824083,7.256931474131613
205.8,7.300000190734862,-3.1728657493897687,-4.293509959906051,0.08972988492518673,0.24740049773702824,37.30345940589905,1.1818629223646975,0.25,385.6154174439144,-1.245667456242363,7.192935101416369
206.0,7.199999809265138,-3.1351114964892006,-4.258603374866164,0.08237952441669301,0.250696809909505,36.98670601844793,1.1818629223646975,0.25,444.6595093088982,-1.4522083074948275,7.0520272464775
206.1,7.0999999046325675,-3.148202201212495,-4.258603374866164,0.08087918905219035,0.2479989000052363,36.314117670059204,1.1818629223646975,0.25,411.456713073072,-1.4507950200003275,6.950193699151464
206.31,7.0,-3.0954601896786227,-4.258603374866164,0.0742435416541945,0.2445925504356748,35.65338158607483,1.1818629223646975,0.25,444.1406443689629,-1.4536943049014321,6.847391683546162
206.5,6.9000000953674325,-3.0127046160074213,-4.328416544945937,0.07452246125466076,0.2479436860874716,35.34656929969793,1.1818629223646975,0.25,294.77797464711153,-0.9357064510251643,6.836260290069452
206.6,6.9000000953674325,-3.200748002918572,-4.293509959906051,0.07580209205370483,0.2512826938115079,34.69123864173895,1.1818629223646975,0.25,402.59215824524296,-1.1510086035535814,6.803321285270615
206.7,6.800000190734862,-3.27881772858187,-4.293509959906051,0.07088234140458319,0.25089714930642276,34.358551263809204,1.1818629223646975,0.25,379.1275851221508,-1.1369122201396111,6.704284689487118
206.9,6.699999809265138,-3.2690495115778986,-4.293509959906051,0.044653692382639644,0.24346616643762356,33.69311928749079,1.1818629223646975,0.25,474.6725469578669,-1.1692482629144394,6.597185456224833
207.0,6.5999999046325675,-3.1479940774892,-4.34586983746588,0.043563931847790206,0.24051356488045939,33.39178109169006,1.1818629223646975,0.25,446.82539394319247,-0.8294378436318995,6.547673755212699
207.2,6.5999999046325675,-3.022313618737015,-4.153883619746504,0.06524115777258355,0.23771194679601895,32.76307702064514,1.1818629223646975,0.25,405.7119197461725,-2.0811093170362915,6.263304459444282
207.3,6.5,-2.995937660275708,-4.153883619746504,0.05958469604740862,0.23474894898242127,32.46110558509827,1.1818629223646975,0.25,386.6782857405451,-2.0678453370612995,6.16230603443174
207.5,6.5,-2.8463189893689935,-4.171336912266447,0.06320182084050635,0.23469373795390444,31.84957528114319,1.1818629223646975,0.25,399.98426458373433,-1.960325489649335,6.197348140505832
207.7,6.5999999046325675,-2.7883207882985346,-4.363323129985824,0.08462909049562457,0.23671620458457543,31.566696405410767,1.1818629223646975,0.25,416.08775240819523,-0.7399486962091584,6.55838963985278
207.8,6.699999809265138,-2.8846654009774584,-4.363323129985824,0.09944807649980505,0.23647460690865293,31.269562005996704,1.1818629223646975,0.25,450.43595807212114,-0.7527685067452604,6.657577413699776
207.9,6.800000190734862,-2.9825378362234125,-4.39822971502571,0.0876937786366609,0.2327574217626713,30.676695108413696,1.1818629223646975,0.25,399.51791838746794,-0.5529214460359093,6.777483343285155
208.1,6.800000190734862,-3.0133135430551694,-4.4156830075456535,0.08845341841294851,0.23576108164373483,30.044445276260376,1.1818629223646975,0.25,375.4197360662875,-0.41416877082613457,6.7873755475343
208.2,6.699999809265138,-3.053036759782994,-4.50294947014537,0.09124908653283437,0.2352018956480339,29.725456476211548,1.1818629223646975,0.25,418.2409246540265,0.17258888462466931,6.697776535616644
208.4,6.800000190734862,-3.019427910380528,-4.4156830075456535,0.07947632542222262,0.23587797287913642,29.111870050430298,1.1818629223646975,0.25,447.3922017496079,-0.4133753832855416,6.787423913863617
208.5,6.800000190734862,-2.945072745826022,-4.50294947014537,0.0625374762209276,0.23877431945877553,28.81489586830145,1.1818629223646975,0.25,433.31974570615427,0.19944810020212955,6.797074594950384
208.7,6.800000190734862,-2.9012626686254035,-4.520402762665314,0.07164923675603614,0.24333862169889983,28.210872888565063,1.1818629223646975,0.25,400.2257216295111,0.3490429012529533,6.791036124707267
208.8,6.9000000953674325,-2.8626833301154946,-4.5553093477052,0.06848528285823591,0.2459726841534524,27.922111749649048,1.1818629223646975,0.25,472.54959997371776,0.6125545875053814,6.872756229737578
209.0,7.0,-2.8039562694673257,-4.537856055185257,0.06394621465192522,0.25040359836870213,27.638063669204655,1.1818629223646975,0.25,393.4733548795521,0.5305853301743824,6.9798624060509775
209.11,6.9000000953674325,-2.8331167120349265,-4.590215932745087,0.053543703181290335,0.24669368198498684,27.056787729263306,1.1818629223646975,0.25,402.7244868826565,0.8569737576472309,6.84657558891849
209.3,6.9000000953674325,-2.8925678185041463,-4.60766922526503,0.03898264319317142,0.2350004913191082,26.49177575111395,1.1818629223646975,0.25,493.52369807744253,0.89639629568318,6.841525779908752
209.4,6.699999809265138,-2.8754949560610297,-4.799655442984406,0.028957890381097095,0.23020727333318602,26.20302987098694,1.1818629223646975,0.25,522.3918134862105,2.0915224588335715,6.365181163827755
209.6,6.699999809265138,-2.8146678819934503,-4.817108735504349,0.02492222935890296,0.22119560898130636,25.673088312149048,1.1818629223646975,0.25,418.231719254516,2.14517979163211,6.3472987251055155
209.7,6.5,-2.8018891877378937,-4.869468613064179,0.025447449565323448,0.21375435731587095,25.14215111732483,1.1818629223646975,0.25,596.5854696189053,2.3555535756648665,6.058165345397273
209.9,6.4000000953674325,-2.7518656757584616,-4.886921905584122,0.03571310245160621,0.21372828123896245,24.863985300064144,1.1818629223646975,0.25,509.0180244271141,2.42290957392135,5.923639963510899
210.0,6.199999809265138,-2.7057122099912707,-4.852015320544236,0.0489675828258684,0.21356162430968714,24.62893509864807,1.1818629223646975,0.25,465.5685818651436,2.1445225639444594,5.817303551270196
210.2,6.0999999046325675,-2.678674337891462,-4.869468613064179,-0.0001364453542252484,0.21900588192433373,24.117964029312134,1.1818629223646975,0.25,634.924941696052,2.240422560462189,5.67366773675454
210.3,5.9000000953674325,-2.5864293022073848,-4.904375198104066,-0.013284880165296909,0.22550574562304662,23.85404038429266,1.1818629223646975,0.25,651.5411677997218,2.392267802241491,5.393241686378832
210.5,5.699999809265138,-2.504312968045086,-4.9218284906240095,0.012149748604792584,0.22652920242725857,23.59943032264715,1.1818629223646975,0.25,684.6920724391239,2.407045509452143,5.166829757312397
210.6,5.599999904632568,-2.3131892183837417,-4.956735075663896,0.04982269540584136,0.22317878028734234,23.132969141006527,1.1818629223646975,0.25,352.5037120612833,2.523797641447521,4.999044348363865
210.8,5.599999904632568,-2.1986786650873644,-4.904375198104066,0.023010813403281684,0.21975603868395258,22.688530206680298,1.1818629223646975,0.25,414.08361901313043,2.2411568200341176,5.1319796414151275
210.9,5.5,-2.198840045914688,-4.9218284906240095,0.04167617473076127,0.21641007845576457,22.46906876564026,1.1818629223646975,0.25,487.80377450259397,2.272020525785206,5.008784556198312
211.1,5.5,-2.3143672812055867,-4.904375198104066,0.026345177677393854,0.21763638989187625,22.01712250709528,1.1818629223646975,0.25,536.4579637365022,2.1904475185371703,5.044991542959647
211.2,5.5,-2.2458778848798184,-4.939281783143953,-0.0005820242275040162,0.2254222351220576,21.82062363624567,1.1818629223646975,0.25,458.7607627209655,2.4037691470352414,4.946907507500162
211.4,5.599999904632568,-2.154665350600502,-4.834562028024293,0.03710346193644963,0.2329765533345155,21.38294816017151,1.1818629223646975,0.25,418.0128323099744,1.9472915182108401,5.250528990015091
211.5,5.699999809265138,-2.1629820533238866,-4.834562028024293,0.04375615816060024,0.2314477198741683,20.984884500503483,1.1818629223646975,0.25,486.2042304681199,1.9738917084293128,5.347312348181712
211.7,5.699999809265138,-2.1189650537791773,-4.817108735504349,0.0413686003971363,0.23053006376683588,20.815727472305298,1.1818629223646975,0.25,525.7110132806703,1.8753289567694302,5.382670260151989
211.8,5.9000000953674325,-2.0868513398359565,-4.869468613064179,0.046388558629819096,0.23316092183031625,20.60686707496643,1.1818629223646975,0.25,447.9377594762336,2.2444243177608243,5.45642379285
212.0,6.0,-2.0930739380222234,-4.852015320544236,0.04900221759033409,0.23463029303720803,20.232048273086548,1.1818629223646975,0.25,559.8003073720174,2.193484316840537,5.584677837778523
212.1,6.0999999046325675,-2.063932244177192,-4.799655442984406,0.05254030904807342,0.23361284887780803,20.025348901748714,1.1818629223646975,0.25,509.54620659234206,1.9239467561521377,5.7886464493877146
212.3,6.0999999046325675,-2.0050535685327344,-4.782202150464463,0.0827427732918983,0.23227052017571387,19.665886163711548,1.1818629223646975,0.25,502.1141160081898,1.8148121246159468,5.823783631700639
212.4,6.199999809265138,-1.989953112109916,-4.817108735504349,0.09573486516996456,0.23354043521696738,19.468124628067017,1.1818629223646975,0.25,530.915509422448,2.0574474590319833,5.848667163398049
212.6,6.300000190734862,-1.9049786025517048,-4.869468613064179,0.11014242414300175,0.23611499676902312,19.123644113540706,1.1818629223646975,0.25,451.0976100216649,2.413789707307784,5.819245797537195
212.7,6.300000190734862,-1.8911923352382156,-4.834562028024293,0.11331256569168838,0.23934748302890133,18.97532486915594,1.1818629223646975,0.25,527.2176912759569,2.2282904449681062,5.892768797104052
212.81,6.300000190734862,-1.877587698315864,-4.817108735504349,0.11657721006926909,0.24138057987690295,18.786516427993718,1.1818629223646975,0.25,546.8791329035594,2.1371614792322156,5.926427525495041
213.0,6.199999809265138,-1.745072848827748,-4.799655442984406,0.10201706897889064,0.23762294750300975,18.28704285621643,1.1818629223646975,0.25,552.1293922742626,1.9790646356271098,5.875653223506122
213.2,6.199999809265138,-1.7105735383514586,-4.76474885794452,0.08759729516436264,0.23443531254225017,18.146787881851196,1.1818629223646975,0.25,503.4078223828329,1.7538545350871892,5.946763145160722
213.3,6.0,-1.6905275903960213,-4.747295565424577,0.07351240449484672,0.23031442510179248,17.974985361099243,1.1818629223646975,0.25,530.4474267527912,1.5727353418895973,5.790207556242817
213.51,6.0,-1.6215820166573482,-4.747295565424577,0.04420126082789384,0.22354540865012532,17.670259714126644,1.1818629223646975,0.25,562.6454731082196,1.5335056000892457,5.800720694404697
213.61,5.9000000953674325,-1.5518166914044342,-4.6774823953448035,0.033993715101411054,0.22272494420070987,17.50861001014715,1.1818629223646975,0.25,461.0656829723557,1.1016248112791174,5.796242222380804
213.8,5.800000190734862,-1.5456598150158016,-4.625122517784973,0.029478760790972825,0.22297124798977408,17.37607979774475,1.1818629223646975,0.25,525.56721801799,0.7846741975659569,5.746676310372689
213.9,5.699999809265138,-1.499894583662636,-4.625122517784973,0.014058903659938532,0.208576276927468,17.067188501357975,1.1818629223646975,0.25,563.3646878672517,0.689771222376471,5.658110416597035
214.1,5.599999904632568,-1.4046886126108151,-4.625122517784973,0.04874465261600233,0.1978564326343176,16.79731583595276,1.1818629223646975,0.25,395.52964229963254,0.6180422311402587,5.5657903960185156
214.2,5.400000095367432,-1.4248025417141703,-4.590215932745087,0.053054432872350336,0.20554674291103892,16.67544388771057,1.1818629223646975,0.25,491.292186386876,0.4496965531746948,5.381242796978322
214.4,5.300000190734863,-1.4581481068829532,-4.572762640225143,0.04501660282870687,0.22703060388219204,16.384441614151,1.1818629223646975,0.25,458.8916695464286,0.46265301558900324,5.279768385919594
214.5,5.199999809265137,-1.4700613777480331,-4.5553093477052,0.039216997042805644,0.2355627581759142,16.272287607192993,1.1818629223646975,0.25,503.0382266597044,0.4076933985365142,5.183993066078234
214.7,5.199999809265137,-1.4686459035971051,-4.520402762665314,0.0369038322059181,0.23779141860676836,16.12436509132391,1.1818629223646975,0.25,522.8119642734382,0.23810375392620153,5.19454566047154
214.8,5.199999809265137,-1.2933102864410153,-4.380776422505767,0.022290836511641546,0.22790335398297962,15.890609979629517,1.1818629223646975,0.25,546.7052067783225,-0.5383216329408727,5.172060308606748
215.0,5.300000190734863,-1.1791112752784123,-4.328416544945937,0.050317515569072345,0.21980387066350626,15.668180704116821,1.1818629223646975,0.25,539.2768902191347,-0.8661903273030894,5.228739459819752
215.1,5.199999809265137,-1.1690414065538048,-4.363323129985824,0.08192306544966609,0.21574530948793075,15.550697565078679,1.1818629223646975,0.25,518.2189021639643,-0.6912148820481088,5.153854868270223
215.31,5.0,-1.199490727423932,-4.4156830075456535,0.08780995599925145,0.2075432249235337,15.32892632484436,1.1818629223646975,0.25,514.3554375156054,-0.44522327145815255,4.980138174644565
215.4,5.0,-1.171755006550979,-4.380776422505767,0.07262946286430859,0.20436819269175546,15.210396051406804,1.1818629223646975,0.25,532.7942082457957,-0.6345063570736906,4.959576764486369
215.61,4.900000095367432,-1.092885842231835,-4.34586983746588,0.06401095948061067,0.22726091458742653,15.012642145156804,1.1818629223646975,0.25,476.7474010602455,-0.6801619677714682,4.852564335709325
215.7,4.599999904632568,-1.1407851476006334,-4.310963252425994,0.05574892139834,0.24905988067959897,14.9304039478302,1.1818629223646975,0.25,497.6010736029202,-0.6981741553304628,4.546707816810779
215.9,4.5,-1.1928749933138079,-4.310963252425994,0.03376390163843861,0.28524258687249726,14.695660829544067,1.1818629223646975,0.25,526.2543010227674,-0.5216487029598844,4.46966247391235
216.0,4.300000190734863,-1.1841856284236814,-4.380776422505767,0.04360286955692616,0.2976738910076636,14.634343385696468,1.1818629223646975,0.25,558.9349033071558,-0.14590825992775677,4.297523987135467
216.2,4.300000190734863,-1.1501411172809783,-4.1887902047863905,0.05948669877595865,0.29900570872519994,14.462822198867798,1.1818629223646975,0.25,556.2480447057459,-0.9576516133993799,4.192004893565062
216.3,4.199999809265137,-1.1454672018818666,-4.293509959906051,0.03998334563942517,0.2878929561556523,14.347238779067993,1.1818629223646975,0.25,503.5575314850139,-0.5485696327191165,4.164020864006999
216.5,4.099999904632568,-1.1496230130162712,-4.328416544945937,0.019041931545556664,0.2699641330146349,14.232035875320435,1.1818629223646975,0.25,580.6793219944594,-0.4664220773680541,4.0733830735312315
216.6,3.7999999523162837,-1.0595528103499459,-4.50294947014537,-0.012514745660766099,0.22120494318071582,14.005116701126155,1.1818629223646975,0.25,573.7005027028063,0.04470761315466321,3.799736947070122
216.81,3.7999999523162837,-1.0479318287950354,-4.5553093477052,0.004377508785162912,0.20820792191042586,13.901201486587468,1.1818629223646975,0.25,510.04510022803896,0.19420285981517466,3.7950342405363573
216.91,3.7000000476837163,-1.0552872349192182,-4.590215932745087,0.011628121067048148,0.20010633007799458,13.796770334243718,1.1818629223646975,0.25,520.5120890750295,0.2880613472534695,3.6887695798298403
217.1,3.7000000476837163,-1.032911281753014,-4.642575810304916,-0.030902574064929335,0.20104671212160874,13.637328386306763,1.1818629223646975,0.25,572.7978067896038,0.48417156101083164,3.6681845990036868
217.2,3.7000000476837163,-0.9725683465269656,-4.6774823953448035,-0.028771106238354015,0.20845664973969805,13.580946207046509,1.1818629223646975,0.25,549.9675558565068,0.6389166198783252,3.6444184591924618
217.4,3.7999999523162837,-0.9483149066736222,-4.747295565424577,0.035918575324496785,0.21780957534542564,13.3937571048736,1.1818629223646975,0.25,462.691717919577,0.9501320948536525,3.679300020375176
217.5,4.0,-0.9694037939298012,-4.782202150464463,0.05213780445245286,0.2194214498086608,13.335533380508423,1.1818629223646975,0.25,529.32391670192,1.140874882462931,3.8338498278577884
217.7,4.0,-0.9582588617273564,-4.799655442984406,0.03599667695189958,0.21832186912173313,13.18340516090393,1.1818629223646975,0.25,546.7923533690409,1.203417206502486,3.8146804619907226
217.8,3.900000095367432,-0.9167224745671154,-4.782202150464463,0.010961192930490927,0.21727040924137195,13.089154481887817,1.1818629223646975,0.25,471.65039040322887,1.1043098728458742,3.740387740408888
218.0,3.7999999523162837,-0.8882327256427722,-4.799655442984406,0.00017771868138092013,0.2178662009834469,12.998344659805298,1.1818629223646975,0.25,462.0767096745403,1.1415948962942275,3.6244669581000086
218.1,3.7000000476837163,-0.9128942431135542,-4.799655442984406,0.01478528293454365,0.2229230658284128,12.849627733230648,1.1818629223646975,0.25,511.27156680031476,1.1293847779721966,3.5234202667499366
218.31,3.7000000476837163,-0.9181421239796316,-4.799655442984406,0.019498811454122394,0.22240099786862186,12.700253725051937,1.1818629223646975,0.25,544.887972238823,1.1275451593159032,3.524009402167193
218.4,3.7000000476837163,-0.8613720819459161,-4.729842272904633,0.02891407739747756,0.21977675745229874,12.610501527786255,1.1818629223646975,0.25,462.9481324832886,0.8695413043775515,3.5963729329479843
218.6,3.7000000476837163,-0.859528018833218,-4.6600291028248595,0.05104087471637607,0.22549553787256219,12.466476678848267,1.1818629223646975,0.25,521.9594048155413,0.6374063020628125,3.6446829161053382
218.71,3.7000000476837163,-0.8992891200448897,-4.625122517784973,0.045570718336689235,0.23637044827560244,12.315859079360905,1.1818629223646975,0.25,484.10013839482417,0.5496428494387544,3.6589469920894384
218.9,3.7000000476837163,-0.932578844531303,-4.60766922526503,0.04832117241520188,0.23876390133977984,12.224435091018734,1.1818629223646975,0.25,522.8703521676725,0.49447945004343663,3.6668092977879616
219.01,3.5999999046325684,-0.9754625820465403,-4.485496177625427,0.05690401167260665,0.24009396439411274,12.16309285163885,1.1818629223646975,0.25,514.4371743578267,0.04752280029340462,3.5996862219930748
219.21,3.5999999046325684,-0.9840680171412904,-4.4331363000655974,0.06461927339419268,0.24095680181653584,12.019321680068913,1.1818629223646975,0.25,461.30752832725193,-0.13783146317791997,3.5973603935542426
219.3,3.5,-1.0092155891693122,-4.363323129985824,0.06928623591165431,0.2373277655418608,11.920941591262817,1.1818629223646975,0.25,487.68085192308354,-0.3902699996755369,3.47817327448666
219.42,3.5,-1.042351806418892,-4.328416544945937,0.07156817207046325,0.23134127757883055,11.819290399551392,1.1818629223646975,0.25,487.7080153991119,-0.5321372874509149,3.4593106115676258
219.6,3.5999999046325684,-0.9770651794763454,-4.258603374866164,0.0837706845582201,0.2383059282889899,11.62137436866766,1.1818629223646975,0.25,543.4066559291932,-0.7697377130548859,3.516746104917945
219.8,3.5999999046325684,-0.9413071557214628,-4.310963252425994,0.08783219151136948,0.24467033719250433,11.525794267654419,1.1818629223646975,0.25,565.9905616335163,-0.5620111298270402,3.5558603464288407
219.9,3.5999999046325684,-0.8783935219954534,-4.293509959906051,0.09391901847282952,0.24400457083591065,11.435251474380493,1.1818629223646975,0.25,543.2139883709714,-0.6263441958380663,3.545094111824744
220.1,3.5999999046325684,-0.7940180723568342,-4.310963252425994,0.09893764398528933,0.2373191517782715,11.313005685806331,1.1818629223646975,0.25,544.4355176790851,-0.5881354976575207,3.5516328568349573
220.21,3.5999999046325684,-0.7925210711210684,-4.310963252425994,0.0909071944931526,0.23573595798099076,11.262687921524048,1.1818629223646975,0.25,536.5517206172809,-0.5937576813362785,3.5506972736645217
220.4,3.5999999046325684,-0.7794353923072637,-4.380776422505767,0.07031151372329154,0.2343173434016221,11.104641199111882,1.1818629223646975,0.25,514.8784673645059,-0.3497104055160517,3.5829738968667217
220.5,3.5999999046325684,-0.7922584530822047,-4.380776422505767,0.05775365655791648,0.23517361833417125,11.056511163711548,1.1818629223646975,0.25,492.5404055368381,-0.3466422669540915,3.5832720315537627
220.7,3.5999999046325684,-0.8122791387724442,-4.380776422505767,0.05179093878934207,0.23653379002355382,10.937569856643677,1.1818629223646975,0.25,531.0435579209043,-0.3417680826285802,3.583740209760033
220.8,3.5999999046325684,-0.836128066475725,-4.380776422505767,0.05089503501146185,0.23719787822219884,10.855118989944401,1.1818629223646975,0.25,538.6662815969029,-0.33938808786109326,3.583966383655474
221.01,3.5,-0.8512221872992789,-4.4156830075456535,0.04747899383742048,0.23457317106201242,10.770735979080257,1.1818629223646975,0.25,539.3759834784578,-0.21732491328591552,3.4932463242756397
221.1,3.5,-0.7925988230759731,-4.39822971502571,0.04192234776986296,0.22642402744956833,10.658287286758423,1.1818629223646975,0.25,514.4829770051292,-0.30667953621346566,3.4865380626156792
221.3,3.400000095367432,-0.8236086097182373,-4.380776422505767,0.04122715846074865,0.2253208638109993,10.5417063236236,1.1818629223646975,0.25,504.01374202425353,-0.3607116581350629,3.3808116996046973
221.4,3.5,-0.8460127354264766,-4.328416544945937,0.04224802063551919,0.22651790280203266,10.457571268081608,1.1818629223646975,0.25,546.16641572148,-0.5488165842417057,3.4567036836936524
221.6,3.400000095367432,-0.8473001832666913,-4.276056667386108,0.03584607079014545,0.23271341651791272,10.335319757461548,1.1818629223646975,0.25,503.9478629175355,-0.6875302767809477,3.3297601665897893
221.7,3.400000095367432,-0.8719277884503027,-4.2062434973063345,0.04130041240181217,0.23588060094014027,10.302641153335628,1.1818629223646975,0.25,564.5057624530018,-0.907754849744615,3.2765808064602466
221.91,3.400000095367432,-0.9053973031036601,-4.1887902047863905,0.0315604217347032,0.24132886666945266,10.123234987258911,1.1818629223646975,0.25,518.1647611735425,-0.9470239329408267,3.2654473382579354
222.0,3.2999999523162837,-0.8874039694081249,-4.1887902047863905,0.052756695816459795,0.25308560248866774,10.001510858535767,1.1818629223646975,0.25,553.4897610841255,-0.8818457306744568,3.1799917912753655
222.21,3.2999999523162837,-0.8729575376346673,-4.171336912266447,0.05425227043574239,0.2602766996779186,9.965125322341919,1.1818629223646975,0.25,506.9871903393978,-0.9144324204501314,3.1707748317591378
222.3,3.2000000476837163,-0.8960033954906292,-4.223696789826278,0.050188620466062796,0.2601663170615725,9.876548051834163,1.1818629223646975,0.25,474.3772676681692,-0.7249343113264999,3.1168045414233725
222.5,3.2000000476837163,-0.9362872907039512,-4.241150082346221,0.04439606557165137,0.2504865372249665,9.73437428474432,1.1818629223646975,0.25,529.3241069556825,-0.7006841328294519,3.1223456008547203
222.6,3.2999999523162837,-0.9703857074122728,-4.293509959906051,0.03779323020194824,0.24450663904224082,9.638840913772583,1.1818629223646975,0.25,531.8116874501284,-0.5725172249952573,3.2499574939329907
222.8,3.2999999523162837,-0.9545828539508404,-4.380776422505767,0.026195224397597125,0.231431991464823,9.492421388626155,1.1818629223646975,0.25,500.963400914945,-0.3300431570942368,3.2834541567901847
222.9,3.2999999523162837,-0.9729714114985218,-4.468042885105484,0.02632088668807119,0.22710708541951746,9.396516084670964,1.1818629223646975,0.25,536.8984074081527,-0.05688591402512381,3.29950961175642
223.1,3.2999999523162837,-0.9559098941692176,-4.50294947014537,0.03199707135727391,0.22710068434664069,9.243525743484497,1.1818629223646975,0.25,544.0806070117106,0.05827884390737218,3.299485302534366
223.2,3.400000095367432,-0.9426930862946992,-4.71238898038469,0.03498520543566325,0.22802886733895347,9.181899309158325,1.1818629223646975,0.25,501.8192885077842,0.7685967328363026,3.311987275152474
223.41,3.2999999523162837,-0.9578302150706238,-4.799655442984406,0.04066110179408522,0.22719630322310153,8.99424576759344,1.1818629223646975,0.25,521.4718062705834,1.020708551817352,3.138176817442637
223.5,3.400000095367432,-0.9971367282637028,-4.852015320544236,0.03285768785717098,0.22449026092130964,8.817821741104126,1.1818629223646975,0.25,504.1823121007473,1.2108214686641814,3.177091754973479
223.7,3.5,-0.9896427316356776,-4.852015320544236,0.028458370601678006,0.22180818941076758,8.745201349258423,1.1818629223646975,0.25,470.9598351654204,1.237657547051878,3.2738667957364314
223.8,3.5999999046325684,-0.9973304157131084,-4.817108735504349,0.02995961123111193,0.21933125373047305,8.646118402481136,1.1818629223646975,0.25,449.9173825334292,1.1462735578401806,3.4126318646978193
224.0,3.7000000476837163,-1.0317212956814426,-4.782202150464463,0.03590092350792876,0.21677404765566333,8.544854402542114,1.1818629223646975,0.25,475.68728659178305,1.0459170809164884,3.5490925336917654
224.1,3.7000000476837163,-1.0805740904794698,-4.747295565424577,0.03826909199192533,0.20834179807515793,8.354228258132878,1.1818629223646975,0.25,467.8262144069813,0.8911695966435583,3.591074644570572
224.3,3.7000000476837163,-1.140022100069136,-4.747295565424577,0.04667428662822549,0.2113756787237065,8.158121347427311,1.1818629223646975,0.25,485.03192015006795,0.9020603704499388,3.5883544196362798
224.4,3.7999999523162837,-1.1810492111974078,-4.71238898038469,0.06346592737313787,0.21700548662004238,8.041865587234497,1.1818629223646975,0.25,552.9207969278212,0.8181639716665458,3.7108768981294142
224.61,3.7999999523162837,-1.1146327705356076,-4.71238898038469,0.08464997446448091,0.2170239593374362,7.836762666702327,1.1818629223646975,0.25,543.0871973672038,0.8182325215071692,3.7108617837844324
224.7,3.7999999523162837,-1.078164407079745,-4.6600291028248595,0.07954116206940248,0.22343415164306868,7.626208543777466,1.1818629223646975,0.25,537.598076098977,0.6469159416462859,3.744529263078025
224.9,3.7999999523162837,-1.0463669794703732,-4.625122517784973,0.07058275224537071,0.22796292189039216,7.519551515579224,1.1818629223646975,0.25,488.2682509392908,0.5328843516410038,3.7624505186619936
225.0,3.7000000476837163,-1.0919919727409813,-4.572762640225143,0.06447743298006921,0.23188645244100783,7.400078058242798,1.1818629223646975,0.25,508.89140585555293,0.34087835049678805,3.6842641467492654
225.2,3.7000000476837163,-1.0859120122551795,-4.468042885105484,0.05849185456867754,0.23049748182293217,7.290347337722778,1.1818629223646975,0.25,515.8979018592436,-0.05123823263224451,3.6996452527744097
225.3,3.7000000476837163,-1.0385468264234547,-4.39822971502571,0.06196739000082437,0.224948102746971,7.077928781509399,1.1818629223646975,0.25,527.5752628613263,-0.32964364753103886,3.6852863414532573
